08-26-2021-14:05
50
180
6
1
7
10
3
4
3
3
7
10
7
1
1
1
10
6
5
4
6
3
1
8
9
2
5
9
9
3
8
6
3
2
7
1
4
9
10
6
4
10
1
6
4
5
6
3
7
5
7
2
1000.0					0.3					1.1					1.5					9.0					6.6					7.3					0.6					0.9					0.9					0.2					1.9					0.9					0.2					1.8					1.9					7.0					0.4					50.7					56.2					61.5					39.8					55.1					57.9					70.6					54.7					62.0					18.2					19.4					18.0					19.8					19.5					17.8					18.4					18.7					17.7					19.3					17.8					18.8					18.6					18.2					17.8					18.3					18.1					18.2					17.8					19.5					17.5					18.0					16.7					
0.3					1000.0					1.2					1.6					9.1					6.7					7.4					0.5					0.7					0.7					0.4					2.1					1.0					0.2					2.0					2.1					7.1					0.4					50.7					56.3					61.5					39.9					55.2					57.9					70.6					54.7					62.1					18.4					19.5					18.1					20.0					19.6					17.9					18.5					18.8					17.9					19.5					18.0					19.0					18.7					18.3					18.0					18.5					18.3					18.3					17.9					19.7					17.6					18.1					16.9					
1.1					1.2					1000.0					1.7					9.2					7.1					7.8					1.6					3.4					1.9					0.8					2.2					0.5					1.2					2.1					2.1					7.5					1.5					51.2					56.8					62.0					40.3					55.7					58.4					71.1					55.2					62.6					18.4					19.6					18.2					20.0					19.7					18.0					18.6					18.9					17.9					19.5					18.0					19.0					18.8					18.4					18.0					18.5					18.3					18.4					18.0					19.8					17.7					18.2					17.0					
1.5					1.6					1.7					1000.0					8.3					8.0					8.8					1.9					2.3					2.3					1.2					0.6					1.4					1.6					0.6					0.6					8.4					1.8					52.1					57.7					62.9					41.2					56.6					59.3					72.0					56.1					63.5					17.5					18.7					17.3					19.1					18.8					17.1					17.7					18.0					17.0					18.6					17.1					18.1					17.9					17.5					17.1					17.6					17.4					17.5					17.1					18.8					16.8					17.3					16.0					
9.0					9.1					9.2					8.2					1000.0					15.6					16.3					9.5					9.8					9.8					8.7					8.6					9.0					9.1					8.5					8.6					16.0					9.4					55.6					55.3					60.6					38.9					54.2					57.0					69.7					59.6					61.1					12.4					13.5					12.1					14.0					13.6					11.9					12.5					12.8					11.9					13.4					12.0					12.9					12.7					12.3					12.0					12.5					12.3					12.3					11.9					13.7					11.6					12.1					10.9					
7.0					7.1					11.5					12.5					20.0					1000.0					0.9					6.7					7.1					6.7					11.6					12.9					11.3					7.1					12.8					12.9					0.8					6.7					45.3					50.8					56.1					34.4					49.7					52.4					65.1					49.2					56.6					28.4					29.6					28.2					30.0					29.7					28.0					28.5					28.9					27.9					29.5					28.0					29.0					28.8					28.4					28.0					28.5					28.3					28.4					27.9					29.7					27.6					28.2					26.9					
7.7					7.8					12.3					13.2					20.7					0.9					1000.0					7.4					7.8					7.4					12.4					13.7					12.0					7.8					13.6					13.7					1.1					7.4					46.0					51.6					56.8					35.1					50.5					53.2					65.9					50.0					57.4					29.1					30.3					28.9					30.7					30.4					28.7					29.3					29.6					28.6					30.2					28.7					29.7					29.5					29.1					28.7					29.2					29.0					29.1					28.7					30.5					28.4					28.9					27.7					
0.6					0.5					1.6					2.0					9.4					6.1					6.8					1000.0					0.8					0.5					0.7					2.4					1.3					0.5					2.3					2.4					6.5					0.2					50.2					55.7					61.0					39.3					54.6					57.3					70.0					54.1					61.5					18.7					19.9					18.5					20.3					20.0					18.3					18.8					19.2					18.2					19.8					18.3					19.3					19.1					18.7					18.3					18.8					18.6					18.7					18.2					20.0					17.9					18.4					17.2					
0.9					0.7					1.9					2.3					9.8					5.5					6.2					0.8					1000.0					0.6					1.0					2.7					1.7					0.7					2.6					2.7					5.9					0.9					49.6					55.1					60.4					38.7					54.0					56.8					69.5					53.6					60.9					19.0					20.2					18.8					20.6					20.3					18.6					19.2					19.5					18.5					20.1					18.6					19.6					19.4					19.0					18.6					19.1					18.9					19.0					18.6					20.4					18.3					18.8					17.5					
0.9					0.7					1.9					2.4					9.8					6.1					6.8					0.5					0.4					1000.0					1.1					2.8					1.7					0.8					2.7					2.8					6.5					0.5					50.2					55.7					61.0					39.3					54.6					57.3					70.0					54.1					61.5					19.1					20.3					18.8					20.7					20.4					18.6					19.2					19.5					18.6					20.2					18.7					19.7					19.5					19.0					18.7					19.2					19.0					19.1					18.6					20.4					18.3					18.8					17.6					
0.2					0.4					0.8					1.3					8.7					7.2					7.9					0.7					1.0					1.1					1000.0					1.7					0.6					0.4					1.6					1.7					7.6					0.6					51.3					56.8					62.1					40.4					55.8					58.5					71.2					55.3					62.6					18.0					19.2					17.7					19.6					19.3					17.5					18.1					18.4					17.5					19.1					17.6					18.6					18.4					17.9					17.6					18.1					17.9					17.9					17.5					19.3					17.2					17.7					16.5					
1.9					2.0					2.1					0.6					8.7					8.5					9.2					2.4					2.7					2.8					1.7					1000.0					1.9					2.0					0.2					0.2					8.9					2.3					52.6					58.1					63.4					41.7					57.0					59.7					72.4					56.5					63.9					18.0					19.1					17.7					19.6					19.2					17.5					18.1					18.4					17.5					19.0					17.6					18.5					18.3					17.9					17.6					18.1					17.9					17.9					17.5					19.3					17.2					17.7					16.5					
0.9					1.0					0.5					1.5					9.0					6.9					7.6					1.3					3.1					1.7					0.6					1.9					1000.0					1.0					1.8					1.9					7.3					1.2					51.0					56.5					61.7					40.1					55.4					58.1					70.8					54.9					62.3					18.2					19.4					18.0					19.8					19.5					17.8					18.4					18.7					17.7					19.3					17.8					18.8					18.6					18.2					17.8					18.3					18.1					18.2					17.8					19.5					17.5					18.0					16.7					
0.2					0.2					1.2					1.6					9.1					6.7					7.4					0.6					0.7					0.8					0.4					2.1					1.0					1000.0					2.0					2.0					7.1					0.4					50.8					56.3					61.6					39.9					55.2					57.9					70.6					54.7					62.1					18.4					19.5					18.1					19.9					19.6					17.9					18.5					18.8					17.9					19.4					18.0					18.9					18.7					18.3					18.0					18.5					18.2					18.3					17.9					19.7					17.6					18.1					16.9					
1.8					1.9					2.0					0.6					8.6					8.4					9.1					2.3					2.6					2.7					1.6					0.2					1.8					1.9					1000.0					77000.0					8.8					2.2					52.5					58.0					63.3					41.6					56.9					59.6					72.3					56.4					63.8					17.9					19.0					17.6					19.5					19.1					17.4					18.0					18.3					17.4					19.0					17.5					18.4					18.2					17.8					17.5					18.0					17.8					17.8					17.4					19.2					17.1					17.6					16.4					
1.9					2.0					2.1					0.6					8.7					8.5					9.2					2.4					2.7					2.7					1.6					0.2					1.9					2.0					77000.0					1000.0					8.9					2.3					52.5					58.1					63.3					41.7					57.0					59.7					72.4					56.5					63.9					18.0					19.1					17.7					19.5					19.2					17.5					18.1					18.4					17.5					19.0					17.6					18.5					18.3					17.9					17.6					18.0					17.8					17.9					17.5					19.3					17.2					17.7					16.5					
7.4					7.5					11.9					12.9					20.4					0.8					1.1					7.1					7.5					7.1					12.0					13.3					11.7					7.5					13.2					13.3					1000.0					7.1					45.7					51.2					56.5					34.8					50.1					52.8					65.5					49.6					57.0					28.8					30.0					28.6					30.4					30.1					28.4					28.9					29.3					28.3					29.9					28.4					29.4					29.2					28.8					28.4					28.9					28.7					28.8					28.3					30.1					28.0					28.5					27.3					
0.4					0.4					1.5					1.9					9.4					6.5					7.2					0.2					0.8					0.5					0.6					2.3					1.2					0.4					2.2					2.3					6.9					1000.0					50.6					56.1					61.4					39.7					55.0					57.7					70.4					54.5					61.9					18.6					19.8					18.4					20.2					19.9					18.2					18.7					19.1					18.1					19.7					18.2					19.2					19.0					18.6					18.2					18.7					18.5					18.6					18.1					19.9					17.8					18.3					17.1					
55.2					55.3					59.8					60.3					55.2					50.4					51.1					54.9					55.3					54.9					59.9					60.7					59.5					55.3					60.6					60.7					50.8					54.9					1000.0					38.8					54.2					45.7					28.7					43.7					51.1					5.8					23.4					47.7					48.9					47.5					49.3					49.0					47.3					47.9					48.2					47.2					48.8					47.3					48.3					48.1					47.7					47.3					47.8					47.6					47.7					47.3					49.1					47.0					47.5					46.3					
57.4					57.5					61.1					60.1					55.0					52.6					53.3					57.1					57.5					57.1					60.7					60.5					61.7					57.5					60.4					60.5					53.0					57.1					39.0					1000.0					15.9					22.8					16.1					6.0					15.8					41.0					15.9					47.5					48.7					47.3					49.1					48.8					47.1					47.7					48.0					47.0					48.6					47.1					48.1					47.9					47.5					47.1					47.6					47.4					47.5					47.1					48.9					46.8					47.3					46.1					
61.8					61.9					65.5					64.5					59.4					57.0					57.7					61.5					61.9					61.5					65.0					64.9					66.1					61.9					64.8					64.9					57.4					61.5					53.7					15.9					1000.0					27.2					34.4					10.3					9.8					55.6					30.7					51.9					58.8					51.7					59.2					58.9					51.5					52.1					59.5					51.4					58.7					51.5					52.5					59.2					51.9					51.5					52.0					51.8					51.9					51.4					58.9					51.2					51.7					50.4					
39.3					39.3					42.9					41.9					36.8					34.4					35.2					38.9					39.3					38.9					42.5					42.3					43.5					39.3					42.2					42.3					34.8					38.9					43.7					22.9					28.2					1000.0					18.6					24.5					37.2					47.6					25.5					29.4					30.5					29.1					30.9					30.6					28.9					29.5					29.8					28.9					30.4					29.0					29.9					29.7					29.3					29.0					29.4					29.2					29.3					28.9					30.7					28.6					29.1					27.9					
56.4					56.5					60.1					59.0					54.0					51.6					52.3					56.1					56.5					56.1					59.6					59.5					60.7					56.5					59.4					59.5					52.0					56.1					28.9					16.1					35.5					21.8					1000.0					22.0					31.8					30.9					6.9					46.5					47.7					46.3					48.1					47.8					46.1					46.6					47.0					46.0					47.6					46.1					47.1					46.9					46.5					46.1					46.6					46.4					46.5					46.0					47.8					45.7					46.2					45.0					
59.1					59.1					62.7					61.7					56.7					54.2					55.0					58.7					59.2					58.7					62.3					62.1					63.4					59.1					62.1					62.1					54.6					58.8					43.9					6.0					10.3					24.4					22.0					1000.0					16.9					45.8					20.8					49.2					50.3					48.9					50.8					50.4					48.7					49.3					49.6					48.7					50.2					48.8					49.8					49.5					49.1					48.8					49.3					49.1					49.1					48.7					50.5					48.4					48.9					47.7					
69.1					69.2					72.8					71.8					66.7					64.3					65.0					68.8					69.2					68.8					72.4					72.2					73.4					69.2					72.1					72.2					64.7					68.8					51.3					15.8					10.5					34.5					31.8					17.7					1000.0					53.3					30.5					59.2					66.1					59.0					66.5					66.2					58.8					59.4					66.8					58.7					66.0					58.8					59.8					66.5					59.2					58.8					59.3					59.1					59.2					58.8					66.2					58.5					59.0					57.7					
59.2					59.3					63.7					64.2					59.2					54.4					55.1					58.8					59.3					58.9					63.8					64.7					63.5					59.3					64.6					64.7					54.8					58.9					5.8					41.1					56.4					49.7					31.0					46.0					53.4					1000.0					25.6					51.7					52.9					51.5					53.3					53.0					51.3					51.8					52.2					51.2					52.8					51.3					52.3					52.1					51.7					51.3					51.8					51.6					51.7					51.2					53.0					50.9					51.4					50.2					
66.8					66.9					70.5					69.5					64.4					62.0					62.7					66.5					66.9					66.5					70.1					69.9					71.1					66.9					69.8					69.9					62.4					66.5					27.0					15.9					30.7					32.2					10.4					20.7					30.5					29.0					1000.0					56.9					58.1					56.7					58.5					58.2					56.5					57.1					57.4					56.4					58.0					56.5					57.5					57.3					56.9					56.5					57.0					56.8					56.9					56.5					58.3					56.2					56.7					55.5					
18.1					18.2					18.3					17.2					12.2					24.6					25.4					18.6					18.9					18.9					17.8					17.7					18.1					18.2					17.6					17.7					25.0					18.4					47.7					47.4					52.7					31.0					46.3					49.0					61.7					51.6					53.2					1000.0					1.6					0.6					0.9					1.8					1.5					0.6					0.6					0.9					3.1					0.6					0.6					1.4					1.2					0.6					0.6					0.4					1.0					1.0					1.7					1.2					1.8					1.6					
19.2					19.3					19.4					18.3					13.3					25.7					26.5					19.6					20.0					20.0					18.9					18.8					19.1					19.3					18.7					18.8					26.1					19.5					48.8					48.5					60.4					32.1					47.4					50.1					62.8					52.7					54.3					1.9					1000.0					3.1					0.9					1.0					1.6					1.7					1.2					2.8					0.9					2.9					1.6					1.4					1.4					2.9					1.5					1.4					3.3					2.9					0.2					2.6					1.4					2.7					
18.0					18.1					18.2					17.2					12.1					24.5					25.3					18.5					18.8					18.8					17.7					17.6					18.0					18.1					17.5					17.6					24.9					18.4					47.6					47.3					52.6					30.9					46.2					48.9					61.6					51.6					53.1					0.3					1.2					1000.0					0.7					1.5					1.3					0.4					0.7					0.8					2.1					0.5					0.7					1.2					1.0					0.5					0.4					0.1					0.9					0.9					1.4					1.1					1.7					1.5					
19.7					19.9					20.0					18.9					13.9					26.3					27.1					20.2					20.6					20.6					19.5					19.4					19.7					19.9					19.3					19.4					26.7					20.1					49.4					49.1					61.0					32.7					48.0					50.7					63.4					53.3					54.9					0.9					0.6					1.2					1000.0					0.9					0.9					0.6					0.3					1.3					1.5					1.1					0.7					0.5					0.5					1.1					0.5					0.7					1.4					1.1					0.8					1.7					2.0					3.2					
19.4					19.5					19.6					18.5					13.5					25.9					26.7					19.8					20.2					20.2					19.1					19.0					19.4					19.5					18.9					19.0					26.3					19.7					49.0					48.7					60.6					32.3					47.6					50.3					63.0					52.9					54.5					1.9					0.4					1.6					0.8					1000.0					1.0					1.4					1.1					3.0					0.2					1.5					1.5					0.4					0.5					1.5					1.3					1.1					1.8					1.4					0.6					2.8					1.6					2.9					
17.6					17.8					17.8					16.8					11.8					24.2					24.9					18.1					18.4					18.5					17.4					17.3					17.6					17.8					17.2					17.2					24.6					18.0					47.3					47.0					52.2					30.6					45.9					48.6					61.3					51.2					52.8					1.6					1.6					1.3					1.0					1.0					1000.0					0.9					1.2					1.1					0.8					1.2					2.4					0.9					0.5					1.2					0.9					0.6					1.5					0.5					1.8					0.8					1.3					1.1					
18.3					18.4					18.5					17.5					12.4					24.9					25.6					18.8					19.1					19.1					18.0					17.9					18.3					18.4					17.8					17.9					25.3					18.7					47.9					47.6					52.9					31.2					46.5					49.2					61.9					51.9					53.4					0.8					0.8					1.0					0.3					1.1					0.9					1000.0					0.3					1.1					1.7					0.8					0.6					0.8					0.6					0.8					0.3					0.5					1.2					0.8					1.0					1.4					2.0					1.8					
19.3					19.4					19.5					18.4					13.4					25.8					26.6					19.7					20.1					20.1					19.0					18.9					19.3					19.4					18.8					18.9					26.2					19.6					48.9					48.6					61.3					32.2					47.5					50.2					62.9					52.8					54.4					0.6					0.8					1.4					0.3					1.1					1.2					0.4					1000.0					1.5					1.7					1.3					0.5					0.8					0.8					1.3					0.4					0.9					1.6					1.3					1.0					3.4					2.3					3.5					
17.2					17.3					17.4					16.3					11.3					23.7					24.5					17.6					18.0					18.0					16.9					16.8					17.2					17.3					16.7					16.8					24.1					17.5					46.8					46.5					51.8					30.1					45.4					48.1					60.8					50.7					52.3					0.7					1.6					0.4					1.1					3.0					1.2					0.8					1.1					1000.0					2.8					0.3					1.5					1.6					1.6					0.3					0.8					0.6					0.6					0.6					1.8					0.5					1.4					1.2					
19.2					19.3					19.4					18.4					13.3					25.8					26.5					19.7					20.0					20.1					19.0					18.8					19.2					19.3					18.7					18.8					26.2					19.6					48.8					48.5					60.5					32.1					47.4					50.2					62.9					52.8					54.3					2.4					0.9					3.1					1.3					0.2					0.8					2.1					1.6					2.9					1000.0					3.0					2.0					0.6					0.6					3.0					2.0					1.9					3.3					1.2					1.1					2.6					1.5					2.7					
17.0					17.2					17.2					16.2					11.2					23.6					24.3					17.5					17.8					17.9					16.8					16.7					17.0					17.2					16.6					16.6					24.0					17.4					46.7					46.4					51.6					30.0					45.3					48.0					60.7					50.6					52.2					0.8					1.8					0.6					1.2					3.2					1.4					1.0					1.3					0.2					3.0					1000.0					1.6					1.7					1.8					1000.0					0.9					0.7					0.8					0.9					1.9					0.9					1.7					1.9					
18.0					18.2					18.2					17.2					12.1					24.6					25.3					18.5					18.8					18.9					17.8					17.6					18.0					18.1					17.5					17.6					25.0					18.4					47.6					47.4					52.6					30.9					46.3					49.0					61.7					51.6					53.2					0.6					1.4					1.2					0.7					1.6					1.4					0.5					0.5					1.5					2.2					1.2					1000.0					1.2					1.2					1.2					0.5					0.8					1.1					1.6					1.5					1.8					2.4					2.2					
18.3					18.4					18.5					17.5					12.4					24.9					25.6					18.8					19.1					19.1					18.0					17.9					18.3					18.4					17.8					17.9					25.3					18.7					47.9					47.6					52.9					31.2					46.5					49.2					61.9					51.9					53.4					1.5					0.6					1.3					0.5					0.4					0.7					1.0					0.8					1.4					0.6					1.1					1.7					1000.0					0.2					1.1					1.0					0.8					1.5					1.0					0.7					1.4					2.0					1.8					
18.0					18.2					18.2					17.2					12.2					24.6					25.3					18.5					18.8					18.9					17.8					17.7					18.0					18.2					17.6					17.6					25.0					18.4					47.7					47.4					52.6					31.0					46.3					49.0					61.7					51.6					53.2					1.6					0.9					1.3					0.6					0.8					0.5					1.1					0.8					1.5					0.6					1.2					1.2					0.2					1000.0					1.2					1.0					0.8					1.5					0.9					1.1					1.2					1.7					1.5					
17.0					17.2					17.2					16.2					11.2					23.6					24.3					17.5					17.8					17.9					16.8					16.7					17.0					17.2					16.6					16.6					24.0					17.4					46.7					46.4					51.6					30.0					45.3					48.0					60.7					50.6					52.2					0.8					1.8					0.6					1.2					3.2					1.4					1.0					1.3					0.2					3.0					1000.0					1.6					1.7					1.8					1000.0					0.9					0.7					0.8					0.9					1.9					0.9					1.7					1.9					
18.3					18.5					18.5					17.5					12.5					24.9					25.6					18.8					19.1					19.2					18.1					17.9					18.3					18.5					17.9					17.9					25.3					18.7					47.9					47.7					52.9					31.3					46.6					49.3					62.0					51.9					53.5					0.6					0.9					1.0					0.3					1.2					0.9					50000.0					0.4					1.1					1.7					0.9					0.5					0.8					0.6					0.9					1000.0					0.6					1.2					0.9					1.0					1.5					2.0					1.8					
18.5					18.7					18.7					17.7					12.6					25.1					25.8					19.0					19.3					19.4					18.3					18.1					18.5					18.6					18.0					18.1					25.5					18.9					48.1					47.9					53.1					31.4					46.8					49.5					62.2					52.1					53.7					0.8					1.1					1.2					0.5					1.4					1.1					0.2					0.6					1.3					1.9					1.1					0.7					1.0					0.8					1.1					0.2					1000.0					1.4					1.1					1.2					1.7					2.2					2.0					
17.2					17.4					17.5					16.4					11.4					23.8					24.6					17.7					18.0					18.1					17.0					16.9					17.2					17.4					16.8					16.8					24.2					17.6					46.9					46.6					51.8					30.2					45.5					48.2					60.9					50.8					52.4					1.0					2.8					0.8					1.4					3.4					1.6					1.1					1.5					1.0					3.2					0.8					1.2					3.5					2.0					0.8					1.1					0.9					1000.0					1.1					3.0					1.2					1.9					1.7					
17.6					17.8					17.9					16.8					11.8					24.2					25.0					18.1					18.4					18.5					17.4					17.3					17.6					17.8					17.2					17.2					24.6					18.0					47.3					47.0					52.2					30.6					45.9					48.6					61.3					51.2					52.8					1.2					2.8					1.0					1.1					1.4					0.5					0.9					1.2					0.7					1.2					1.0					1.3					1.0					0.8					1.0					0.8					0.6					1.2					1000.0					2.9					0.8					1.4					1.1					
19.1					19.2					19.3					18.3					13.2					25.7					26.4					19.6					19.9					20.0					18.9					18.7					19.1					19.2					18.6					18.7					26.1					19.5					48.7					48.4					60.4					32.0					47.3					50.1					62.8					52.7					54.2					3.3					0.9					3.0					1.3					1.0					1.5					3.4					1.6					2.8					0.8					2.9					2.0					1.3					1.4					2.9					2.0					3.2					3.2					2.8					1000.0					2.5					1.4					2.6					
17.4					17.5					17.6					16.5					11.5					23.9					24.7					17.8					18.2					18.2					17.1					17.0					17.3					17.5					16.9					17.0					24.3					17.7					47.0					46.7					52.0					30.3					45.6					48.3					61.0					50.9					52.5					1.3					2.5					1.0					2.9					2.6					0.8					1.4					1.7					0.8					2.4					0.9					2.1					1.6					1.2					0.9					1.4					1.2					1.2					0.8					2.6					1000.0					1.1					0.9					
17.7					17.9					17.9					16.9					11.9					24.3					25.0					18.2					18.5					18.6					17.5					17.3					17.7					17.8					17.2					17.3					24.7					18.1					47.3					47.1					52.3					30.6					46.0					48.7					61.4					51.3					52.9					1.9					1.4					1.7					1.9					1.5					1.5					2.0					2.1					1.4					1.3					1.5					2.6					1.8					1.9					1.5					2.0					1.8					1.9					1.4					1.6					1.1					1000.0					1.2					
16.5					16.6					16.7					15.7					10.6					23.1					23.8					17.0					17.3					17.4					16.3					16.1					16.5					16.6					16.0					16.1					23.5					16.9					46.1					45.9					51.1					29.4					44.8					47.5					60.2					50.1					51.7					1.5					2.6					1.2					3.1					2.7					1.0					1.6					1.9					1.0					2.6					1.1					2.3					1.8					1.4					1.1					1.6					1.4					1.4					1.0					2.8					0.7					1.2					1000.0					
