08-26-2021-10:16
100
180
9
2
8
8
1
1
4
3
10
6
2
9
3
1
10
5
2
5
9
7
7
10
8
2
8
10
10
7
5
6
1
1
9
6
4
1
7
7
7
4
7
6
2
8
10
10
3
7
6
5
10
3
2
1
7
3
10
7
6
2
7
6
9
3
5
7
2
6
9
6
9
6
10
3
2
3
10
10
5
9
6
3
9
5
3
2
4
2
4
8
10
2
6
2
10
3
4
9
5
9
1000.0					18.4					18.6					17.3					22.7					23.1					22.2					22.8					25.0					22.6					22.5					23.0					23.5					22.4					23.6					22.5					22.5					22.5					23.1					22.1					22.7					23.2					23.7					22.9					22.9					23.1					23.4					22.9					22.4					22.3					23.2					22.0					22.7					22.3					23.1					22.3					23.0					23.4					23.3					23.0					22.6					23.5					23.4					23.4					22.3					23.1					22.4					22.6					22.3					24.0					22.3					22.5					22.1					22.5					22.2					22.4					23.6					23.4					22.4					24.0					22.3					23.3					23.1					22.8					22.4					22.4					23.0					22.0					22.0					23.3					23.5					22.0					22.3					22.0					26.4					27.6					24.9					27.3					26.1					26.6					25.2					25.8					26.2					26.5					24.8					31.8					26.5					28.3					25.3					26.6					27.4					26.3					26.8					27.7					25.8					25.1					44.7					27.6					23.8					8.9					
18.4					1000.0					0.2					7.7					40.7					41.1					40.2					40.8					43.0					40.6					40.5					41.0					41.5					40.4					41.5					40.5					40.5					40.5					41.1					40.1					40.7					41.2					41.7					40.9					40.9					41.1					41.4					40.9					40.4					40.3					41.2					40.0					40.7					40.3					41.1					40.3					41.0					41.4					41.3					41.0					40.6					41.5					41.4					41.4					40.3					41.1					40.4					40.6					40.3					42.0					40.3					40.5					40.1					40.5					40.2					40.4					41.6					41.4					40.4					42.0					40.3					41.3					41.1					40.8					40.4					40.4					41.0					40.0					40.0					41.3					41.5					40.0					40.3					40.0					44.4					45.6					42.9					45.2					44.1					44.6					43.2					43.8					44.2					44.5					42.8					49.8					44.5					46.2					43.3					44.6					45.4					44.3					44.8					45.7					43.8					43.0					62.7					45.6					39.5					23.2					
18.6					0.2					1000.0					7.9					40.9					41.3					40.5					41.0					43.2					40.8					40.7					41.2					41.7					40.6					41.8					40.7					40.8					40.7					41.4					40.3					40.9					41.4					41.9					41.1					41.1					41.3					41.6					41.2					40.6					40.5					41.4					40.2					40.9					40.5					41.4					40.5					41.2					41.6					41.5					41.2					40.8					41.7					41.6					41.6					40.6					41.3					40.6					40.8					40.5					42.2					40.6					40.7					40.4					40.7					40.4					40.6					41.9					41.6					40.6					42.2					40.5					41.6					41.3					41.1					40.6					40.6					41.2					40.2					40.2					41.6					41.7					40.3					40.5					40.2					44.6					45.9					43.2					45.5					44.3					44.9					43.4					44.0					44.5					44.7					43.0					50.0					44.7					46.5					43.5					44.8					45.6					44.5					45.1					46.0					44.1					43.3					63.0					45.8					39.7					23.4					
17.3					7.7					7.9					1000.0					33.5					34.0					33.1					33.7					35.9					33.5					33.4					33.8					34.4					33.3					34.4					33.4					33.4					33.4					34.0					33.0					33.6					34.1					34.6					33.8					33.8					34.0					34.3					33.8					33.3					33.2					34.1					32.9					33.6					33.2					34.0					33.2					33.9					34.3					34.2					33.9					33.5					34.4					34.3					34.3					33.2					34.0					33.3					33.5					33.2					34.9					33.2					33.4					33.0					33.3					33.1					33.3					34.5					34.3					33.3					34.9					33.2					34.2					34.0					33.7					33.2					33.3					33.9					32.9					32.8					34.2					34.4					32.9					33.2					32.8					37.3					38.5					35.8					38.1					37.0					37.5					36.1					36.7					37.1					37.3					35.7					42.7					37.4					39.1					36.2					37.5					38.2					37.1					37.7					38.6					36.7					35.9					55.6					38.5					32.4					16.1					
23.3					41.2					41.4					34.1					1000.0					0.6					1.4					0.4					3.8					1.5					1.8					0.5					2.4					0.8					1.4					0.8					0.6					1.4					1.3					0.8					2.0					0.7					1.2					1.6					2.0					1.3					2.4					1.2					0.7					1.6					1.9					0.9					1.6					1.4					2.2					1.4					0.7					0.8					1.1					1.1					0.4					1.6					1.3					1.0					1.7					0.9					0.7					1.6					1.7					1.5					2.1					0.6					1.8					1.1					1.4					0.4					1.4					0.8					0.5					1.8					2.2					1.1					0.5					1.4					1.3					1.5					1.3					1.9					0.7					1.1					2.0					1.3					2.2					1.9					5.4					6.7					3.7					6.3					4.9					5.7					4.0					4.6					5.3					5.5					3.6					9.3					5.5					7.3					4.1					5.6					6.4					5.3					5.9					6.8					4.2					4.0					23.5					6.7					28.4					17.9					
23.5					41.4					41.6					34.3					0.6					1000.0					1.2					0.3					3.3					1.8					2.0					0.1					1.9					1.0					0.5					0.6					1.1					1.5					0.8					1.0					1.8					0.5					0.9					1.8					1.5					0.8					1.9					1.0					0.7					1.7					1.4					1.2					1.7					1.6					1.6					1.2					79000.0					0.7					1.6					1.8					1.1					1.9					1.7					0.7					2.3					1.4					1.3					2.2					2.3					1.3					2.6					1.2					2.4					1.6					1.9					1.0					1.2					0.7					0.9					1.7					2.8					1.3					0.8					2.0					1.9					2.1					1.9					2.5					1.2					1.3					2.6					1.8					2.8					2.5					4.9					6.1					3.2					5.8					4.3					5.1					3.4					4.1					4.7					5.0					3.1					9.1					5.0					6.8					3.6					5.1					5.9					4.8					5.3					6.2					3.7					3.4					23.0					6.1					28.9					18.1					
22.6					40.5					40.7					33.4					1.4					1.2					1000.0					1.4					2.8					0.8					1.1					1.5					1.4					1.3					1.8					1.0					1.3					1.0					1.0					0.7					0.9					1.8					1.6					0.4					0.7					0.8					1.4					0.7					0.9					1.0					0.9					0.8					0.8					0.5					1.1					35000.0					1.1					2.0					2.1					2.2					1.5					2.7					2.6					2.0					2.8					1.9					1.8					2.7					2.8					2.6					3.1					1.7					2.9					2.2					2.5					1.4					2.5					2.0					1.4					2.7					3.3					2.1					1.8					2.5					2.4					2.6					2.4					3.0					1.6					2.1					3.1					2.3					3.3					3.0					4.4					5.6					2.7					5.3					3.8					4.6					2.9					3.6					4.2					4.5					2.6					10.4					4.5					6.3					3.1					4.6					5.4					4.3					4.8					5.7					3.6					2.9					22.5					5.6					18.2					17.2					
23.2					41.1					41.4					34.0					0.4					0.3					1.0					1000.0					3.4					1.5					1.7					0.3					2.0					0.8					0.8					0.4					0.9					1.3					1.0					0.8					1.9					0.6					1.2					1.6					1.6					0.9					2.0					0.8					0.4					1.5					1.5					1.0					1.5					1.4					1.8					1.0					0.4					0.8					1.4					1.6					0.9					2.0					1.8					0.9					2.4					1.2					1.1					2.4					2.4					1.4					2.8					1.0					2.6					1.8					2.1					0.8					1.3					0.8					0.8					1.9					2.9					1.4					1.0					2.1					2.0					2.2					1.7					2.6					1.0					1.4					2.8					1.6					2.9					2.6					5.0					6.3					3.3					5.9					4.5					5.3					3.6					4.2					4.9					5.1					3.2					9.2					5.2					6.9					3.7					5.2					6.0					4.9					5.5					6.4					3.9					3.6					23.2					6.3					29.1					17.9					
25.4					43.3					43.5					36.2					3.9					3.3					2.8					3.5					1000.0					4.4					4.0					3.4					2.8					4.3					2.8					3.2					4.1					4.3					2.5					3.6					4.2					3.7					2.6					3.9					3.6					2.6					2.9					2.7					3.8					4.1					3.3					3.6					4.5					3.8					3.2					2.8					3.2					3.9					4.9					5.1					4.4					5.6					4.9					4.0					5.6					4.7					4.6					5.6					5.6					4.7					6.0					4.5					5.8					5.0					5.3					4.3					4.4					3.9					4.2					5.0					6.1					4.5					4.1					5.3					5.2					5.4					5.2					5.8					4.4					4.5					6.0					5.1					6.1					5.8					3.4					4.6					2.4					4.2					3.6					3.6					2.6					3.3					3.2					3.5					2.3					11.4					3.5					5.2					2.8					3.6					4.4					3.3					3.8					4.7					3.3					2.0					22.2					4.6					21.0					20.1					
22.7					40.6					40.8					33.5					1.5					1.8					0.7					1.5					3.2					1000.0					0.3					1.8					1.1					1.5					2.0					1.1					1.4					0.2					1.3					0.8					0.4					1.9					2.1					0.3					0.5					1.0					1.1					1.2					1.0					0.3					0.6					0.9					53000.0					0.6					0.8					0.8					1.6					2.1					2.2					2.3					1.6					2.8					2.5					2.1					2.9					2.0					1.9					2.8					2.9					2.7					3.2					1.8					3.0					2.3					2.6					1.5					2.6					2.1					1.5					2.9					3.4					2.2					1.9					2.6					2.5					2.7					2.5					3.1					1.7					2.2					3.2					2.3					3.4					3.1					4.7					6.0					3.1					5.6					4.3					5.0					3.4					4.0					4.7					4.9					3.0					10.5					4.9					6.6					3.5					4.9					5.7					4.6					5.2					6.1					4.1					3.4					23.0					6.0					29.6					17.3					
23.0					40.9					41.1					33.8					1.8					2.0					1.0					1.8					3.4					0.3					1000.0					2.1					1.0					1.7					2.2					1.4					1.7					0.4					1.5					1.1					0.2					2.2					2.3					0.5					0.6					1.2					1.0					1.4					1.3					0.2					0.6					1.2					0.4					0.9					0.6					1.0					1.9					2.4					2.5					2.6					1.9					3.1					2.8					2.4					3.2					2.3					2.1					3.1					3.2					3.0					3.5					2.1					3.3					2.5					2.8					1.8					2.9					2.4					1.8					3.1					3.9					2.5					2.2					2.9					2.8					3.0					2.8					3.6					2.0					2.5					3.5					2.7					3.9					3.6					4.4					5.6					3.4					5.2					4.5					4.6					3.6					4.2					4.2					4.4					3.2					10.7					4.5					6.2					3.8					4.5					5.3					4.2					4.8					5.7					4.3					3.0					23.2					5.6					18.6					17.6					
23.4					41.3					41.5					34.2					0.5					0.1					1.3					0.3					3.3					1.8					2.1					1000.0					1.9					0.9					0.6					0.8					0.9					1.5					0.9					1.2					1.8					0.5					0.9					1.8					1.5					0.8					1.9					1.0					0.9					1.7					1.4					1.1					1.8					1.6					1.7					1.2					0.2					0.7					1.5					1.7					1.0					2.1					1.8					0.8					2.2					1.3					1.2					2.2					2.2					1.4					2.6					1.1					2.4					1.6					1.9					0.9					1.3					0.7					0.8					1.8					2.7					1.5					0.8					1.9					1.8					2.0					1.8					2.4					1.1					1.5					2.6					1.7					2.7					2.4					4.9					6.2					3.2					5.8					4.4					5.2					3.5					4.1					4.8					5.0					3.1					9.1					5.0					6.8					3.6					5.1					5.9					4.8					5.4					6.3					3.8					3.5					23.0					6.2					28.9					18.0					
24.0					41.9					42.1					34.8					2.4					1.9					1.4					2.0					2.7					1.1					1.0					1.9					1000.0					2.9					2.0					1.7					2.7					1.5					1.3					2.1					0.8					2.3					1.9					1.1					0.8					1.1					0.4					1.3					2.0					1.3					0.5					2.2					1.0					1.9					0.4					1.3					1.7					2.5					3.4					3.6					2.9					4.1					3.4					2.5					4.0					3.2					3.1					4.0					4.0					3.1					4.4					3.0					4.2					3.4					3.7					2.8					3.0					2.5					2.7					3.5					4.5					3.0					2.6					3.7					3.8					3.8					3.7					4.2					3.0					3.0					4.4					3.7					4.5					4.2					3.1					4.3					2.4					4.0					3.4					3.3					2.7					3.8					2.9					3.2					2.4					10.7					3.2					5.0					2.5					3.3					4.1					3.0					3.5					4.4					3.8					1.8					22.8					4.3					30.7					18.7					
22.4					40.3					40.6					33.2					1.0					1.2					1.0					1.0					3.7					1.1					1.4					1.1					2.4					1000.0					1.7					0.7					0.5					1.0					1.3					0.3					1.6					1.3					1.9					1.2					1.7					1.3					2.3					1.1					0.6					1.2					1.9					0.2					1.2					1.0					2.0					1.0					1.2					1.6					1.7					1.4					0.9					1.9					1.7					1.6					1.9					1.5					0.9					1.9					1.9					2.2					2.3					0.8					2.1					1.3					1.6					0.8					2.1					1.6					0.6					2.4					2.4					1.7					1.4					1.6					1.6					1.8					1.5					2.1					0.8					1.7					2.3					1.4					2.5					2.1					5.4					6.6					3.7					6.2					4.8					5.6					3.9					4.5					5.2					5.4					3.5					9.9					5.5					7.2					4.0					5.6					6.3					5.2					5.8					6.7					4.2					3.9					23.5					6.6					28.6					17.1					
24.0					41.9					42.1					34.8					1.4					0.5					1.4					0.8					2.7					2.0					2.2					0.6					2.0					1.8					1000.0					1.1					1.8					2.0					0.7					1.4					1.9					0.9					0.1					1.9					1.7					0.9					2.0					1.1					1.4					2.2					1.5					1.7					1.9					2.1					1.8					1.4					0.6					1.1					1.9					2.1					1.9					3.1					2.9					1.1					2.7					1.7					2.1					2.6					2.7					2.3					3.0					2.0					2.8					2.1					2.4					1.8					1.7					1.1					1.7					2.2					3.2					1.7					1.3					2.4					2.3					2.5					2.3					2.9					2.0					1.7					3.0					2.6					3.2					2.9					4.3					5.6					2.6					5.2					3.8					4.6					2.9					3.5					4.2					4.4					2.5					9.0					4.5					6.2					3.0					4.5					5.3					4.2					4.8					5.7					3.2					2.9					22.1					5.6					29.3					18.6					
22.9					40.8					41.1					33.7					0.8					0.6					0.7					0.4					3.1					1.1					1.4					0.7					1.7					1.2					1.1					1000.0					1.0					0.9					0.7					0.4					1.6					1.0					1.3					1.2					1.3					0.6					1.7					0.5					0.3					1.1					1.2					0.7					1.1					1.0					1.5					0.7					0.5					1.2					1.7					1.9					1.2					2.4					2.2					1.2					2.4					1.5					1.4					2.4					2.5					1.8					2.8					1.3					2.6					1.8					2.1					1.1					1.7					1.2					1.0					2.3					2.9					1.7					1.4					2.1					2.1					2.3					2.0					2.6					1.3					1.7					2.8					1.9					3.0					2.6					4.7					6.0					3.0					5.6					4.2					5.0					3.3					3.9					4.6					4.8					2.9					9.6					4.8					6.6					3.4					4.9					5.7					4.6					5.2					6.1					3.6					3.3					22.8					6.0					29.1					17.6					
22.7					40.6					40.8					33.5					0.6					1.1					1.0					0.8					3.8					1.1					1.4					0.9					2.4					0.3					1.8					0.9					1000.0					1.0					1.6					0.5					1.6					1.2					1.7					1.2					1.8					1.5					2.3					1.1					0.4					1.2					1.9					0.4					1.2					1.1					2.0					1.1					1.1					1.3					1.3					1.2					0.5					1.6					1.4					1.4					1.7					1.1					0.7					1.7					1.8					1.8					2.1					0.6					1.9					1.1					1.4					0.4					1.6					1.3					0.1					1.9					2.2					1.3					1.1					1.4					1.4					1.6					1.3					1.9					0.6					1.3					2.1					1.2					2.3					1.9					5.4					6.7					3.7					6.3					4.9					5.7					4.0					4.6					5.2					5.5					3.6					9.7					5.5					7.3					4.1					5.6					6.4					5.3					5.9					6.8					4.5					3.9					23.5					6.6					28.4					17.3					
22.6					40.4					40.7					33.3					1.4					1.5					0.6					1.4					3.3					0.2					0.4					1.5					1.5					1.3					2.4					0.9					1.3					1000.0					1.3					0.7					0.7					1.7					2.2					0.4					0.6					1.2					1.4					1.0					0.9					0.3					0.8					0.8					0.2					0.5					1.2					0.6					1.5					1.9					2.0					2.2					1.5					2.7					2.4					2.0					2.7					1.8					1.7					2.7					2.8					2.5					3.1					1.6					2.9					2.1					2.4					1.4					2.4					1.9					1.3					2.7					3.2					2.0					1.7					2.4					2.4					2.6					2.3					2.9					1.6					2.0					3.1					2.2					3.3					2.9					4.6					5.8					3.3					5.5					4.4					4.8					3.5					4.1					4.8					5.0					3.1					10.3					4.7					6.4					3.6					4.8					5.6					4.5					5.0					5.9					4.2					3.5					23.1					5.8					29.4					17.2					
23.3					41.2					41.4					34.1					1.3					0.8					0.7					1.0					2.7					1.3					1.5					0.9					1.3					1.8					0.7					0.7					1.6					1.3					1000.0					1.0					1.3					1.2					0.9					1.3					1.0					0.2					1.3					0.4					1.0					1.5					0.9					1.3					1.2					1.4					1.1					0.7					0.7					1.4					2.2					2.4					1.8					2.9					2.3					1.4					2.9					2.0					2.1					2.9					3.0					2.0					3.3					2.0					3.1					2.3					2.6					1.7					1.9					1.4					1.7					2.4					3.4					1.9					1.5					2.6					2.6					2.8					2.5					3.1					1.9					1.9					3.3					2.6					3.5					3.1					4.4					5.6					2.7					5.2					3.8					4.6					2.9					3.5					4.2					4.4					2.5					9.5					4.5					6.2					3.0					4.6					5.3					4.3					4.8					5.7					3.2					2.9					22.5					5.6					29.6					17.9					
22.6					40.4					40.7					33.3					0.8					1.0					0.7					0.8					3.5					0.8					1.1					1.2					2.1					0.6					1.4					0.4					0.6					0.7					1.0					1000.0					1.3					1.4					1.6					0.9					1.5					1.0					2.1					0.8					0.3					0.9					1.6					0.3					0.9					0.8					1.7					0.8					0.9					1.6					1.5					1.5					1.0					2.0					1.9					1.6					2.1					1.3					1.0					2.0					2.1					2.2					2.4					1.0					2.2					1.4					1.7					0.9					2.1					1.6					0.7					2.5					2.6					1.5					1.4					1.8					1.7					1.9					1.6					2.2					0.9					1.5					2.4					1.5					2.6					2.3					5.1					6.4					3.4					6.0					4.6					5.4					3.7					4.3					4.9					5.2					3.3					10.0					5.2					7.0					3.8					5.3					6.1					5.0					5.6					6.5					4.0					3.6					23.2					6.3					28.7					17.2					
23.2					41.1					41.4					34.0					2.0					1.8					1.2					1.9					3.3					0.6					0.2					1.8					0.8					2.0					1.9					1.6					1.9					0.7					1.3					1.3					1000.0					2.2					2.1					0.4					0.5					1.0					0.8					1.2					1.5					0.5					0.4					1.4					0.6					1.1					0.4					1.3					1.7					2.4					2.7					2.8					2.1					3.3					3.0					2.4					3.4					2.5					2.4					3.3					3.4					3.0					3.8					2.3					3.5					2.8					3.1					2.0					2.9					2.4					2.0					3.4					3.9					2.7					2.5					3.1					3.0					3.2					3.0					3.8					2.2					2.7					3.7					2.9					4.1					3.8					4.5					5.8					3.2					5.4					4.4					4.8					3.4					4.1					4.4					4.6					3.1					10.7					4.6					6.4					3.6					4.7					5.5					4.4					5.0					5.9					4.1					3.2					23.0					5.7					18.9					17.9					
23.6					41.5					41.7					34.4					0.7					0.5					1.6					0.6					3.6					1.9					2.2					0.5					2.3					1.2					0.9					1.0					1.2					1.7					1.2					1.4					2.2					1000.0					1.1					2.0					1.9					1.1					2.2					1.2					1.1					1.9					1.8					1.3					1.9					1.8					2.0					1.6					0.6					0.3					1.1					1.3					1.1					1.8					1.2					0.4					1.8					0.9					1.1					1.8					1.9					0.8					2.2					1.2					2.0					1.2					1.5					1.1					0.6					0.3					1.1					1.3					2.3					0.8					0.4					1.5					1.5					1.7					1.4					2.0					1.3					0.8					2.2					1.9					2.4					2.0					5.3					6.5					3.6					6.1					4.7					5.5					3.8					4.4					5.1					5.3					3.4					8.8					5.4					7.1					4.0					5.5					6.2					5.2					5.7					6.6					4.1					3.8					23.4					6.5					28.5					18.2					
24.2					42.1					42.3					35.0					1.2					0.9					1.6					1.2					2.6					2.2					2.4					0.9					2.2					1.7					0.1					1.3					1.7					2.2					0.9					1.6					2.1					1.1					1000.0					2.1					1.9					1.1					2.2					1.3					1.6					2.4					1.7					1.9					2.1					2.3					2.0					1.6					1.0					1.3					2.2					2.3					1.7					3.0					2.8					1.6					2.9					2.0					2.0					2.8					2.9					2.1					3.2					1.9					3.0					2.2					2.5					1.6					1.8					1.3					1.6					2.8					3.3					1.9					1.4					2.5					2.5					2.7					2.4					3.0					1.8					1.9					3.2					2.4					3.4					3.1					4.2					5.4					2.5					5.1					3.7					4.4					2.7					3.4					4.0					4.3					2.4					8.8					4.3					6.1					2.9					4.4					5.2					4.1					4.6					5.5					3.0					2.7					22.0					5.4					29.5					18.8					
22.8					40.7					40.9					33.6					1.6					1.8					0.4					1.6					2.9					0.3					0.5					1.8					1.1					1.6					1.9					1.2					1.5					0.4					1.3					0.9					0.4					2.0					1.8					1000.0					0.5					1.0					1.1					1.2					1.1					0.5					0.6					1.0					0.2					0.3					0.7					0.5					1.7					2.2					2.3					2.5					1.7					3.0					2.8					2.2					3.0					2.1					2.0					2.9					3.0					2.8					3.4					1.9					3.2					2.4					2.7					1.6					2.7					2.2					1.6					2.9					3.5					2.3					2.0					2.7					2.6					2.8					2.6					3.2					1.8					2.3					3.4					2.5					3.5					3.4					4.6					5.8					2.9					5.4					4.0					4.8					3.1					3.7					4.4					4.6					2.7					10.6					4.7					6.4					3.2					4.7					5.5					4.4					5.0					5.9					3.8					3.1					22.7					5.8					29.7					17.4					
23.2					41.1					41.3					34.0					2.0					1.5					1.0					1.6					3.0					0.5					0.6					1.5					0.8					2.5					1.7					1.3					1.9					0.6					1.0					1.3					0.5					1.9					1.9					0.5					1000.0					0.7					0.8					0.9					1.5					0.6					0.3					1.4					0.4					0.8					0.5					1.0					1.4					2.1					3.0					2.8					2.1					3.3					3.0					2.1					3.6					2.8					2.4					3.6					3.4					2.7					4.0					2.3					3.8					2.8					3.3					2.0					2.6					2.1					2.0					3.1					4.1					2.6					2.2					3.3					3.0					3.5					3.0					3.8					2.2					2.6					4.0					2.8					4.2					3.8					3.9					5.2					3.0					4.8					4.1					4.2					3.2					3.8					4.5					4.7					2.8					10.5					4.0					5.8					3.3					4.1					4.9					3.8					4.4					5.3					3.9					3.2					22.8					5.2					30.3					17.8					
23.1					40.9					41.2					33.8					1.3					0.8					0.5					0.9					2.5					1.0					1.2					0.8					1.1					1.7					0.9					0.6					1.6					1.2					0.2					1.0					1.0					1.1					1.1					1.0					0.7					1000.0					1.1					0.3					0.9					1.2					0.6					1.3					1.0					1.3					0.9					0.4					0.6					1.3					2.3					2.5					1.8					3.0					2.3					1.4					2.9					2.1					2.0					2.8					2.9					2.0					3.3					1.9					3.1					2.3					2.6					1.7					1.9					1.3					1.6					2.4					3.4					1.9					1.5					2.6					2.7					2.7					2.6					3.1					1.9					1.9					3.3					2.5					3.4					3.1					4.1					5.4					2.4					5.0					3.6					4.4					2.7					3.3					4.0					4.2					2.3					9.7					4.2					6.0					2.8					4.3					5.1					4.0					4.6					5.5					3.3					2.7					22.2					5.4					29.6					17.7					
23.9					41.8					42.1					34.7					2.4					1.9					1.4					2.0					2.8					1.1					1.0					1.9					0.4					2.8					2.0					1.7					2.7					1.4					1.3					2.1					0.8					2.2					2.1					1.1					0.8					1.1					1000.0					1.3					2.0					1.2					0.5					2.2					1.0					1.8					0.4					1.3					1.7					2.4					3.4					3.6					2.9					4.1					3.4					2.5					4.0					3.2					3.1					3.9					4.0					3.1					4.4					3.0					4.2					3.4					3.7					2.8					3.0					2.4					2.7					3.5					4.5					3.0					2.6					3.7					3.8					3.8					3.7					4.2					3.0					3.0					4.4					3.6					4.5					4.2					3.2					4.4					2.5					4.0					3.5					3.4					2.7					4.1					3.0					3.2					2.5					10.8					3.3					5.0					2.6					3.3					4.1					3.0					3.6					4.5					4.1					1.8					23.0					4.4					30.7					18.6					
22.8					40.7					41.0					33.6					1.2					1.0					0.3					0.8					2.8					1.2					1.5					1.0					1.4					1.6					1.1					0.5					1.4					1.0					0.4					0.8					1.3					1.2					1.3					1.3					1.0					0.3					1.4					1000.0					1.0					1.2					0.9					1.1					1.3					1.1					1.2					0.2					0.7					1.6					2.2					2.3					1.6					2.8					2.5					1.5					2.9					2.0					1.9					2.8					2.9					2.1					3.2					1.8					3.0					2.3					2.6					1.5					2.0					1.6					1.5					2.5					3.4					2.2					1.6					2.6					2.5					2.7					2.5					3.1					1.7					2.2					3.2					2.3					3.4					3.1					4.4					5.7					2.7					5.3					3.9					4.7					3.0					3.6					4.3					4.5					2.6					9.8					4.5					6.3					3.1					4.6					5.4					4.3					4.9					5.8					3.6					3.0					22.5					5.7					29.5					17.5					
22.9					40.8					41.0					33.6					0.7					0.7					0.9					0.4					3.4					1.0					1.3					0.9					2.0					1.2					1.4					0.3					0.8					0.9					1.0					0.3					1.5					1.1					1.6					1.1					1.7					0.9					2.0					0.8					1000.0					1.1					1.6					0.6					1.1					1.0					1.8					1.0					0.9					1.3					1.4					1.6					0.9					2.0					1.7					1.4					2.1					1.2					1.2					2.0					2.1					1.9					2.5					1.0					2.3					1.5					1.8					0.8					1.8					1.3					0.7					2.1					2.6					1.4					1.1					1.8					1.7					1.9					1.7					2.3					1.0					1.4					2.5					1.6					2.6					2.3					5.1					6.3					3.4					5.9					4.5					5.3					3.6					4.2					4.9					5.1					3.2					9.7					5.2					6.9					3.7					5.2					6.0					4.9					5.5					6.4					3.9					3.6					23.2					6.3					28.8					17.5					
22.8					40.7					40.9					33.6					1.6					1.7					0.8					1.6					3.6					0.5					0.2					1.7					1.3					1.5					2.6					1.1					1.5					0.3					1.5					0.9					0.4					1.9					2.4					0.5					0.6					1.2					1.2					1.2					1.1					1000.0					0.8					1.0					0.5					0.7					0.9					0.8					1.7					2.1					2.3					2.4					1.7					2.9					2.6					2.2					3.0					2.1					1.9					2.9					3.0					2.8					3.3					1.8					3.1					2.3					2.6					1.6					2.7					2.1					1.5					2.9					3.7					2.3					1.9					2.6					2.6					2.8					2.5					3.4					1.8					2.3					3.3					2.5					3.7					3.3					4.4					5.6					3.5					5.2					4.6					4.6					3.7					4.4					4.2					4.4					3.3					10.5					4.5					6.2					3.9					4.6					5.3					4.2					4.8					5.7					4.4					3.0					23.3					5.6					18.4					17.4					
23.5					41.4					41.6					34.2					1.9					1.4					0.9					1.5					2.9					0.6					0.6					1.4					0.5					2.4					1.5					1.2					2.2					0.8					0.9					1.6					0.4					1.8					1.8					0.6					0.3					0.6					0.5					0.8					1.6					0.8					1000.0					1.7					0.6					1.0					0.2					0.9					1.3					2.0					2.9					3.1					2.4					3.6					2.9					2.0					3.5					2.7					2.6					3.5					3.6					2.6					3.9					2.6					3.7					2.9					3.2					2.3					2.5					2.0					2.3					3.0					4.0					2.5					2.1					3.2					3.3					3.4					3.3					3.7					2.5					2.5					3.9					3.1					4.1					3.7					3.6					4.9					2.9					4.5					4.0					3.9					3.1					3.7					3.5					3.7					2.7					10.4					3.7					5.5					3.2					3.8					4.6					3.5					4.1					5.0					3.8					2.3					22.7					4.9					30.2					18.1					
22.3					40.2					40.4					33.1					0.9					1.2					0.8					0.9					3.6					0.9					1.2					1.1					2.2					0.5					1.7					0.6					0.5					0.8					1.3					0.2					1.4					1.3					1.8					1.0					1.6					1.2					2.2					1.1					0.5					1.0					1.7					1000.0					1.0					0.9					1.9					0.9					1.1					1.5					1.6					1.4					1.0					1.9					1.8					1.5					2.0					1.4					1.0					1.9					2.0					2.1					2.3					0.9					2.1					1.4					1.6					0.8					2.0					1.5					0.6					2.4					2.5					1.6					1.3					1.7					1.6					1.8					1.6					2.2					0.8					1.6					2.3					1.4					2.5					2.2					5.2					6.5					3.5					6.1					4.7					5.5					3.8					4.4					5.0					5.3					3.4					9.9					5.3					7.1					3.9					5.4					6.2					5.1					5.6					6.5					4.4					3.7					23.3					6.4					28.6					16.9					
22.8					40.7					40.9					33.5					1.6					1.7					0.8					1.6					3.2					53000.0					0.4					1.8					1.0					1.5					1.9					1.1					1.5					0.2					1.2					0.9					0.4					1.9					2.0					0.2					0.4					1.0					1.0					1.2					1.1					0.4					0.6					1.0					1000.0					0.7					0.7					0.8					1.6					2.1					2.2					2.4					1.7					2.9					2.6					2.2					2.9					2.0					1.9					2.9					3.0					2.8					3.3					1.8					3.1					2.3					2.6					1.6					2.6					2.1					1.5					2.9					3.4					2.3					1.9					2.6					2.6					2.8					2.5					3.1					1.8					2.3					3.3					2.4					3.5					3.1					4.8					6.0					3.1					5.7					4.2					5.0					3.3					4.0					4.6					4.9					3.0					10.5					4.9					6.7					3.5					5.0					5.8					4.7					5.2					6.1					4.0					3.3					22.9					6.0					29.6					17.4					
22.8					40.7					40.9					33.6					1.6					1.7					0.3					1.6					3.0					0.6					0.9					1.7					1.6					1.5					2.0					1.1					1.5					0.5					1.7					0.9					0.7					1.9					1.9					0.3					0.8					1.4					1.6					1.2					1.1					0.7					1.1					1.0					0.7					1000.0					1.4					0.3					1.7					2.1					2.2					2.4					1.7					2.9					2.8					2.2					3.0					2.0					2.0					2.9					3.0					2.8					3.3					1.9					3.1					2.4					2.6					1.6					2.7					2.1					1.5					2.9					3.5					2.3					1.9					2.7					2.6					2.8					2.6					3.2					1.8					2.3					3.3					2.4					3.5					3.3					4.7					5.9					3.0					5.5					4.1					4.9					3.2					3.8					4.5					4.7					2.8					10.7					4.8					6.5					3.3					4.8					5.6					4.5					5.1					6.0					3.9					3.2					22.8					5.9					29.6					17.4					
23.6					41.5					41.7					34.4					2.2					1.6					1.1					1.8					3.2					0.9					0.6					1.7					0.4					2.6					1.8					1.5					2.4					1.1					1.1					1.9					0.4					2.0					2.0					0.8					0.5					0.9					0.4					1.0					1.8					0.9					0.2					1.9					0.8					1.5					1000.0					1.1					1.5					2.2					3.1					3.4					2.7					3.9					3.2					2.3					3.8					2.9					2.9					3.7					3.8					2.8					4.1					2.8					3.9					3.2					3.5					2.6					2.7					2.2					2.5					3.3					4.3					2.8					2.4					3.5					3.5					3.6					3.5					4.0					2.8					2.8					4.1					3.3					4.3					4.0					3.5					4.8					3.1					4.4					4.3					3.8					3.3					4.0					3.4					3.6					3.0					10.6					3.6					5.4					2.9					3.7					4.5					3.4					4.0					4.9					4.0					2.2					22.9					4.8					30.4					18.3					
22.6					40.5					40.7					33.4					1.4					1.2					35000.0					1.4					2.7					0.8					1.1					1.6					1.3					1.4					1.7					1.0					1.3					0.9					1.0					0.7					0.8					1.8					1.6					0.4					0.7					0.8					1.3					0.7					1.0					1.0					0.9					0.8					0.7					0.5					1.1					1000.0					1.1					2.0					2.1					2.3					1.6					2.8					2.6					2.0					2.8					1.9					1.8					2.8					2.8					2.6					3.2					1.7					3.0					2.2					2.5					1.5					2.5					2.0					1.4					2.8					3.3					2.1					1.8					2.5					2.4					2.6					2.4					3.0					1.6					2.1					3.2					2.3					3.3					3.0					4.4					5.6					2.7					5.2					3.8					4.6					2.9					3.5					4.2					4.4					2.5					10.4					4.5					6.2					3.0					4.5					5.3					4.2					4.8					5.7					3.6					2.9					22.5					5.6					18.2					17.3					
23.5					41.4					41.6					34.2					0.7					79000.0					1.1					0.4					3.1					1.6					1.9					0.2					1.7					1.1					0.6					0.5					1.1					1.5					0.7					0.9					1.7					0.6					1.0					1.7					1.4					0.6					1.7					0.7					0.8					1.7					1.3					1.2					1.6					1.5					1.5					1.1					1000.0					0.8					1.7					1.9					1.2					2.0					1.7					0.8					2.3					1.4					1.4					2.3					2.4					1.4					2.7					1.3					2.5					1.7					2.0					1.1					1.3					0.8					1.0					1.8					2.8					1.3					0.9					2.0					2.0					2.2					2.0					2.5					1.3					1.3					2.7					1.9					2.9					2.5					4.8					6.0					3.1					5.6					4.2					5.0					3.3					3.9					4.6					4.8					2.9					9.2					4.9					6.6					3.4					5.0					5.7					4.6					5.2					6.1					3.6					3.3					22.9					6.0					29.0					18.1					
24.0					41.9					42.1					34.8					0.8					0.7					1.8					0.8					3.9					2.1					2.4					0.7					2.5					1.4					1.1					1.2					1.3					1.9					1.4					1.6					2.4					0.3					1.3					2.2					2.1					1.3					2.4					1.6					1.3					2.2					2.0					1.5					2.2					2.0					2.2					1.8					0.8					1000.0					0.6					1.1					0.9					1.2					1.0					0.4					1.7					0.7					1.0					1.6					1.4					0.8					2.0					1.0					1.8					1.1					1.4					1.0					0.6					1000.0					1.2					1.0					2.2					0.6					0.3					1.4					1.3					1.5					1.3					1.9					1.5					0.6					2.0					1.8					2.2					1.9					5.5					6.7					3.8					6.4					4.9					5.7					4.0					4.7					5.3					5.6					3.6					8.8					5.6					7.3					4.2					5.7					6.5					5.4					5.9					6.8					4.3					4.0					23.6					6.7					28.3					18.6					
23.9					41.8					42.0					34.7					1.0					1.6					2.1					1.4					4.8					2.2					2.5					1.5					3.1					1.5					1.8					1.7					1.3					2.0					2.0					1.5					2.7					1.1					2.2					2.3					2.8					2.0					3.1					2.2					1.4					2.3					2.6					1.6					2.2					2.1					2.9					2.1					1.7					0.6					1000.0					0.4					0.8					0.6					0.4					1.2					1.0					0.3					0.9					1.0					1.0					0.7					1.3					1.0					1.2					0.8					1.1					0.9					0.5					0.6					1.1					0.7					1.3					86000.0					0.7					0.7					0.9					0.9					0.6					1.3					1.4					86000.0					1.2					1.7					1.3					1.3					6.5					7.7					4.8					7.3					5.9					6.7					5.0					5.6					6.3					6.5					4.6					9.3					6.6					8.3					5.1					6.7					7.4					6.3					6.9					7.8					5.2					5.0					24.6					7.7					27.5					18.6					
23.6					41.5					41.7					34.4					1.1					1.7					2.2					1.9					4.9					2.3					2.6					1.7					3.5					1.4					2.1					1.9					1.2					2.2					2.4					1.7					2.8					1.3					2.3					2.4					3.1					2.4					3.5					2.3					1.6					2.4					3.0					1.6					2.4					2.3					3.2					2.3					1.8					0.9					0.4					1000.0					0.7					0.5					0.3					1.4					0.7					0.6					0.8					0.4					0.7					1.0					1.0					0.9					0.9					0.5					0.7					0.8					0.8					0.9					1.1					1.0					1.0					0.4					0.9					0.2					0.6					0.6					0.1					1.0					1.1					0.4					0.9					1.4					1.1					1.0					6.5					7.7					4.8					7.4					6.0					6.7					5.0					5.7					6.3					6.6					4.7					9.9					6.6					8.4					5.2					6.7					7.5					6.4					6.9					7.8					5.4					5.0					24.6					7.7					27.2					18.2					
23.2					41.0					41.3					33.9					0.4					1.0					1.5					0.9					4.3					1.7					1.9					0.9					2.9					0.8					1.8					1.2					0.5					1.5					1.8					1.0					2.2					1.1					1.7					1.7					2.3					1.7					2.8					1.6					0.9					1.7					2.4					0.9					1.7					1.6					2.6					1.6					1.1					0.9					0.8					0.7					1000.0					1.1					0.9					1.2					1.3					0.6					0.3					1.2					1.3					1.4					1.6					0.2					1.4					0.7					1.0					0.1					1.1					0.9					0.4					1.5					1.8					0.8					0.6					1.0					0.9					1.1					0.9					1.5					0.6					0.8					1.6					0.9					1.8					1.5					5.9					7.2					4.2					6.8					5.4					6.2					4.5					5.1					5.8					6.0					4.1					9.6					6.0					7.8					4.6					6.1					6.9					5.8					6.4					7.3					4.7					4.5					24.0					7.2					27.9					17.8					
24.2					42.0					42.3					34.9					1.6					1.9					2.6					2.0					5.0					2.7					3.0					1.9					3.6					1.8					2.3					2.4					1.6					2.6					2.5					2.1					3.2					1.4					2.9					2.8					3.3					2.5					3.6					2.7					1.9					2.8					3.1					2.0					2.8					2.7					3.4					2.6					2.0					1.2					0.6					0.5					1.1					1000.0					0.2					1.6					1.2					0.9					1.2					0.9					1.1					1.0					1.1					1.4					1.4					1.0					1.1					1.2					1.1					1.2					1.5					0.5					1.2					0.9					1.4					0.7					1.0					1.0					0.5					1.4					1.6					0.9					0.6					1.8					1.2					1.4					6.7					7.9					5.0					7.5					6.1					6.9					5.2					5.8					6.5					6.7					4.8					9.6					6.8					8.5					5.3					6.8					7.6					6.5					7.1					8.0					5.9					5.2					24.8					7.9					26.9					18.8					
24.0					41.9					42.2					34.8					1.3					1.7					2.4					1.8					4.8					2.5					2.8					1.7					3.4					1.6					2.1					2.2					1.4					2.4					2.3					1.9					3.0					1.2					2.7					2.6					3.0					2.3					3.4					2.5					1.7					2.6					2.9					1.8					2.6					2.4					3.2					2.4					1.7					1.0					0.4					0.3					0.9					0.2					1000.0					1.3					1.1					0.7					1.0					0.7					1.0					0.8					1.0					1.1					1.2					0.9					1.0					1.0					0.8					1.0					1.2					0.8					1.0					0.6					1.1					0.5					0.9					0.9					0.3					1.3					1.4					0.6					0.8					1.6					1.0					1.3					6.4					7.7					4.7					7.3					5.9					6.7					5.0					5.6					6.3					6.5					4.6					9.4					6.6					8.3					5.1					6.6					7.4					6.3					6.9					7.8					5.7					5.0					24.6					7.7					27.1					18.7					
23.8					41.7					42.0					34.6					1.0					0.7					1.8					0.9					3.9					2.1					2.4					0.8					2.5					1.4					1.1					1.2					1.4					2.0					1.4					1.7					2.4					0.4					1.6					2.2					2.1					1.4					2.5					1.5					1.4					2.2					2.0					1.6					2.2					2.1					2.3					1.8					0.8					0.4					1.2					1.4					1.2					1.6					1.4					1000.0					1.9					1.0					1.2					1.9					2.0					0.6					2.3					1.3					2.1					1.3					1.6					1.2					0.5					0.4					1.3					1.3					2.4					0.9					0.5					1.6					1.6					1.8					1.5					2.1					1.5					0.9					2.3					2.0					2.5					2.1					5.5					6.8					3.8					6.4					5.0					5.8					4.1					4.7					5.3					5.6					3.7					8.6					5.6					7.4					4.2					5.7					6.5					5.4					6.0					6.9					4.4					4.0					23.6					6.7					28.6					18.5					
22.9					40.8					41.0					33.7					1.7					2.3					2.8					2.4					5.4					2.9					3.2					2.2					4.0					2.0					2.7					2.4					1.7					2.7					2.9					2.3					3.4					1.8					2.8					3.0					3.6					2.9					4.0					2.9					2.1					3.0					3.5					2.2					2.9					2.8					3.8					2.8					2.3					1.7					1.0					0.7					1.3					1.2					1.1					1.9					1000.0					1.1					1.0					0.3					26000.0					1.6					0.4					1.1					0.2					0.6					0.3					1.3					1.3					1.7					1.6					1.7					0.5					1.0					1.4					0.6					0.4					0.2					0.8					0.3					1.2					1.0					1.2					1.0					0.5					0.3					7.0					8.3					5.3					7.9					6.5					7.3					5.6					6.2					6.9					7.1					5.2					10.4					7.2					8.9					5.7					7.2					8.0					6.9					7.5					8.4					5.9					5.6					25.2					8.3					27.5					17.5					
23.7					41.6					41.8					34.5					0.8					1.4					1.9					1.2					4.6					2.0					2.3					1.3					3.1					1.3					1.7					1.5					1.1					1.8					2.0					1.3					2.5					0.9					2.0					2.1					2.6					2.0					3.1					2.0					1.2					2.1					2.6					1.5					2.0					1.9					2.8					1.9					1.4					0.4					0.3					0.6					0.6					0.9					0.7					1.0					1.1					1000.0					0.7					1.0					1.1					0.9					1.4					0.8					1.2					0.6					0.9					0.7					0.7					0.4					0.9					1.0					1.6					0.3					0.5					0.8					0.7					0.9					0.7					1.3					1.2					0.3					1.5					1.5					1.6					1.3					6.3					7.5					4.6					7.1					5.7					6.5					4.8					5.4					6.1					6.3					4.4					9.5					6.4					8.1					4.9					6.5					7.2					6.1					6.7					7.6					5.0					4.8					24.4					7.5					27.8					18.3					
23.0					40.9					41.1					33.8					0.7					1.3					1.7					1.1					4.5					1.9					2.1					1.2					3.1					1.0					2.1					1.4					0.7					1.7					2.0					1.2					2.4					1.1					2.0					1.9					2.5					2.0					3.1					1.8					1.1					1.9					2.6					1.1					1.9					1.8					2.9					1.8					1.4					1.0					0.9					0.6					0.3					1.1					0.9					1.2					1.1					0.7					1000.0					1.0					1.1					1.6					1.5					0.3					1.3					0.5					0.8					0.4					1.2					1.0					0.6					1.6					1.6					0.9					0.7					0.8					0.7					0.8					0.7					1.2					0.5					0.9					1.5					0.8					1.6					1.2					6.1					7.4					4.4					7.0					5.6					6.4					4.7					5.3					6.0					6.2					4.3					9.7					6.2					8.0					4.8					6.3					7.1					6.0					6.6					7.5					5.0					4.7					24.2					7.4					27.8					17.7					
23.2					41.1					41.3					34.0					1.6					2.2					2.6					2.4					5.4					2.8					3.0					2.1					4.0					1.9					2.6					2.3					1.7					2.6					2.9					2.2					3.3					1.8					2.8					2.9					3.6					2.8					3.9					2.8					2.0					2.8					3.5					2.1					2.8					2.7					3.7					2.7					2.3					1.3					0.9					0.4					1.2					0.9					0.7					1.9					0.3					1.0					0.9					1000.0					0.3					1.4					0.4					1.0					0.4					0.6					0.3					1.2					1.2					1.3					1.6					1.3					0.6					0.9					1.4					0.3					0.4					0.2					0.5					0.6					1.1					0.9					0.8					1.3					0.6					0.6					7.0					8.2					5.3					7.8					6.4					7.2					5.5					6.2					6.8					7.0					5.1					10.3					7.1					8.8					5.7					7.2					8.0					6.9					7.4					8.3					5.8					5.5					25.1					8.2					27.2					17.8					
22.9					40.8					41.0					33.7					1.7					2.1					2.8					2.4					5.3					2.9					3.2					2.2					3.9					2.0					2.5					2.4					1.8					2.8					2.8					2.3					3.5					1.9					2.7					3.0					3.5					2.8					3.9					2.9					2.1					3.0					3.4					2.2					3.0					2.8					3.7					2.8					2.2					1.4					1.0					0.7					1.3					1.1					1.0					2.0					26000.0					1.1					1.0					0.3					1000.0					1.6					0.3					1.1					0.2					0.6					0.3					1.3					1.3					1.4					1.6					1.6					0.5					1.0					1.5					0.5					0.4					0.2					0.7					0.3					1.2					1.0					1.1					1.0					0.5					0.3					6.9					8.2					5.2					7.8					6.4					7.2					5.5					6.1					6.7					7.0					5.1					10.4					7.0					8.8					5.6					7.1					7.9					6.8					7.4					8.3					5.8					5.4					25.0					8.1					27.4					17.6					
24.5					42.4					42.7					35.3					1.5					1.3					2.4					1.4					4.6					2.7					3.0					1.4					3.1					2.0					2.2					1.8					2.0					2.5					2.0					2.2					3.0					0.8					2.1					2.8					2.7					2.0					3.1					2.1					1.9					2.8					2.6					2.1					2.8					2.6					2.8					2.4					1.4					0.8					0.7					1.0					1.5					1.0					0.8					0.6					1.7					1.0					1.6					1.4					1.6					1000.0					1.7					1.6					1.9					1.5					1.7					1.6					0.2					0.8					1.8					0.8					1.7					0.8					1.1					1.2					1.6					1.6					1.0					2.0					2.1					0.8					1.6					2.3					1.7					2.0					6.2					7.5					4.5					7.1					5.7					6.5					4.8					5.4					6.1					6.3					4.4					8.8					6.4					8.1					4.9					6.4					7.2					6.1					6.7					7.6					5.1					4.8					24.0					7.5					27.9					19.2					
22.9					40.8					41.1					33.7					2.1					2.6					3.1					2.8					5.8					3.2					3.5					2.6					4.4					2.3					3.0					2.8					2.1					3.1					3.3					2.6					3.7					2.2					3.2					3.3					4.0					3.3					4.4					3.2					2.5					3.3					3.9					2.5					3.3					3.2					4.1					3.2					2.7					2.0					1.3					1.0					1.6					1.1					1.0					2.3					0.4					1.4					1.4					0.4					0.3					1.7					1000.0					1.4					0.2					1.0					0.7					1.7					1.7					2.0					2.0					1.6					0.1					1.3					1.8					0.8					0.7					0.5					0.8					0.3					1.5					1.3					1.1					1.3					0.2					0.4					7.4					8.6					5.7					8.3					6.9					7.6					5.9					6.6					7.2					7.5					5.6					10.8					7.5					9.3					6.1					7.6					8.4					7.3					7.8					8.7					6.3					5.9					25.5					8.6					27.4					17.6					
23.0					40.9					41.1					33.7					0.6					1.2					1.7					1.0					4.4					1.8					2.0					1.1					3.1					0.9					2.0					1.3					0.6					1.6					2.0					1.2					2.3					1.2					1.9					1.9					2.4					1.9					3.0					1.8					1.0					1.8					2.5					1.0					1.8					1.7					2.7					1.7					1.3					1.0					1.0					0.6					0.2					1.2					1.0					1.3					1.2					0.8					0.2					1.1					1.2					1.7					1.6					1000.0					1.3					0.6					0.9					0.3					1.3					1.0					0.5					1.6					1.7					1.0					0.8					0.9					0.8					1.0					0.8					1.4					0.4					1.0					1.6					0.7					1.7					1.4					6.1					7.3					4.4					6.9					5.5					6.3					4.6					5.2					5.9					6.1					4.2					9.8					6.2					7.9					4.7					6.2					7.0					5.9					6.5					7.4					4.9					4.6					24.2					7.3					27.9					17.6					
22.7					40.6					40.8					33.5					1.8					2.4					2.9					2.6					5.6					3.0					3.3					2.4					4.2					2.1					2.8					2.6					1.9					2.9					3.1					2.4					3.5					2.0					3.0					3.1					3.8					3.1					4.2					3.0					2.3					3.1					3.7					2.3					3.1					3.0					3.9					3.0					2.5					1.8					1.2					0.9					1.4					1.4					1.2					2.1					0.2					1.2					1.2					0.4					0.2					1.9					0.2					1.2					1000.0					0.8					0.5					1.5					1.5					1.8					1.8					1.8					0.3					1.2					1.6					0.7					0.5					0.3					0.9					0.1					1.3					1.2					1.3					1.1					0.4					0.1					7.2					8.4					5.5					8.1					6.6					7.4					5.7					6.4					7.0					7.3					5.4					10.6					7.3					9.1					5.9					7.4					8.2					7.1					7.6					8.5					6.0					5.7					25.3					8.4					27.6					17.4					
23.1					41.0					41.2					33.9					1.1					1.6					2.1					1.8					4.8					2.2					2.5					1.6					3.4					1.4					2.0					1.8					1.1					2.1					2.3					1.6					2.8					1.2					2.2					2.3					3.0					2.3					3.4					2.2					1.5					2.3					2.9					1.5					2.3					2.2					3.2					2.2					1.7					1.1					0.8					0.5					0.7					1.1					0.9					1.3					0.6					0.6					0.4					0.6					0.6					1.5					1.0					0.5					0.8					1000.0					0.3					0.7					1.2					1.1					1.0					1.6					1.2					0.8					0.8					0.4					0.3					0.4					0.6					0.8					0.6					0.8					1.1					0.9					1.2					0.8					6.4					7.7					4.7					7.3					5.9					6.7					5.0					5.6					6.3					6.5					4.6					9.8					6.5					8.3					5.1					6.6					7.4					6.3					6.9					7.8					5.3					4.9					24.5					7.6					27.4					17.7					
22.8					40.7					40.9					33.6					1.4					1.9					2.4					2.1					5.1					2.6					2.8					1.9					3.7					1.7					2.4					2.1					1.4					2.4					2.6					1.9					3.1					1.5					2.5					2.6					3.3					2.6					3.7					2.5					1.8					2.6					3.2					1.8					2.6					2.5					3.5					2.5					2.0					1.4					1.1					0.7					1.0					1.1					1.0					1.6					0.3					0.9					0.7					0.3					0.3					1.7					0.7					0.8					0.5					0.3					1000.0					1.0					1.4					1.4					1.3					1.6					0.8					1.1					1.1					0.6					0.1					0.1					0.8					0.5					0.8					1.1					1.1					0.9					0.8					0.5					6.7					8.0					5.0					7.6					6.2					7.0					5.3					5.9					6.6					6.8					4.9					10.1					6.8					8.6					5.4					6.9					7.7					6.6					7.2					8.1					5.6					5.2					24.8					7.9					27.4					17.4					
23.1					41.0					41.2					33.9					0.4					1.0					1.4					0.8					4.2					1.5					1.8					0.9					2.8					0.7					1.8					1.1					0.4					1.4					1.7					0.9					2.0					1.1					1.6					1.6					2.2					1.7					2.8					1.5					0.8					1.6					2.3					0.8					1.6					1.5					2.5					1.5					1.1					1.0					0.9					0.8					0.1					1.2					1.0					1.2					1.4					0.7					0.3					1.3					1.4					1.4					1.7					0.2					1.5					0.7					1.0					1000.0					1.2					1.0					0.3					1.6					1.9					0.9					0.7					1.1					1.0					1.2					0.9					1.6					0.5					0.9					1.7					1.0					1.9					1.6					5.8					7.1					4.1					6.7					5.3					6.1					4.4					5.0					5.7					5.9					4.0					9.7					5.9					7.7					4.5					6.0					6.8					5.7					6.3					7.2					4.6					4.3					23.9					7.0					28.0					17.7					
24.2					42.1					42.4					35.0					1.4					1.2					2.3					1.3					4.4					2.6					2.9					1.3					3.0					1.9					1.6					1.7					1.6					2.4					1.9					2.1					2.9					0.6					2.1					2.7					2.6					1.9					3.0					2.0					1.8					2.7					2.5					2.0					2.7					2.5					2.7					2.3					1.3					0.6					0.5					0.8					1.1					1.0					0.8					0.5					1.3					0.7					1.2					1.3					1.3					0.2					1.7					1.3					1.5					1.2					1.4					1.2					1000.0					0.6					1.5					0.8					1.7					0.4					0.8					1.0					1.2					1.3					0.9					1.6					1.7					0.4					1.7					2.0					1.7					1.7					6.0					7.2					4.3					6.9					5.4					6.2					4.5					5.2					5.8					6.1					4.2					9.1					6.1					7.9					4.7					6.2					7.0					5.9					6.4					7.3					4.8					4.5					24.1					7.2					28.0					18.9					
24.0					41.9					42.1					34.8					0.8					0.7					1.8					0.8					3.9					2.1					2.4					0.7					2.5					1.4					1.1					1.2					1.3					1.9					1.4					1.6					2.4					0.3					1.3					2.2					2.1					1.3					2.4					1.6					1.3					2.2					2.0					1.5					2.2					2.0					2.2					1.8					0.8					1000.0					0.6					1.1					0.9					1.2					1.0					0.4					1.7					0.7					1.0					1.6					1.4					0.8					2.0					1.0					1.8					1.1					1.4					1.0					0.6					1000.0					1.2					1.0					2.2					0.6					0.3					1.4					1.3					1.5					1.3					1.9					1.5					0.6					2.0					1.8					2.2					1.9					5.5					6.7					3.8					6.4					4.9					5.7					4.0					4.7					5.3					5.6					3.6					8.8					5.6					7.3					4.2					5.7					6.5					5.4					5.9					6.8					4.3					4.0					23.6					6.7					28.3					18.6					
22.8					40.7					40.9					33.6					0.5					0.9					1.1					0.8					3.9					1.3					1.5					0.8					2.5					0.4					1.7					1.0					0.1					1.1					1.7					0.6					1.8					1.1					1.6					1.3					1.9					1.6					2.5					1.2					0.5					1.3					2.0					0.5					1.3					1.2					2.2					1.2					1.0					1.2					1.2					1.1					0.4					1.5					1.2					1.3					1.6					0.9					0.6					1.6					1.6					1.7					2.0					0.5					1.8					1.0					1.3					0.3					1.5					1.2					1000.0					1.8					2.1					1.2					1.0					1.3					1.2					1.4					1.2					1.8					0.5					1.2					2.0					1.1					2.1					1.8					5.5					6.8					3.8					6.4					5.0					5.8					4.1					4.7					5.4					5.6					3.7					9.6					5.6					7.4					4.2					5.7					6.5					5.4					6.0					6.9					4.6					4.1					23.6					6.8					28.3					17.5					
24.6					42.5					42.8					35.4					1.6					1.7					2.9					1.9					4.9					2.9					3.1					1.7					3.5					2.2					2.2					2.2					1.9					2.7					2.4					2.4					3.4					1.3					2.7					2.9					3.1					2.4					3.5					2.6					2.1					2.9					3.0					2.3					2.9					2.8					3.3					2.8					1.8					1.0					0.7					1.0					1.5					0.5					0.8					1.3					1.7					1.0					1.5					1.3					1.6					0.8					1.6					1.6					1.8					1.5					1.6					1.6					0.8					1.0					1.8					1000.0					1.6					0.7					1.3					1.1					1.5					1.5					0.9					1.9					2.0					0.7					1.0					2.3					1.7					1.9					6.5					7.8					4.8					7.4					6.0					6.8					5.1					5.7					6.4					6.6					4.7					9.4					6.6					8.4					5.2					6.7					7.5					6.4					7.0					7.9					5.7					5.0					24.6					7.7					27.3					19.3					
22.9					40.8					41.0					33.7					2.2					2.8					3.5					2.9					5.9					3.4					3.9					2.7					4.5					2.5					3.2					2.9					2.2					3.2					3.4					2.8					4.1					2.3					3.6					3.7					4.2					3.4					4.5					3.4					2.6					3.7					4.0					2.6					3.4					3.5					4.3					3.5					2.8					1.9					1.3					1.0					1.8					1.1					1.0					2.4					0.5					1.6					1.5					0.6					0.5					1.7					0.1					1.6					0.3					1.2					0.8					1.8					1.7					1.9					2.1					1.6					1000.0					1.5					1.9					0.8					0.9					0.7					0.9					0.5					1.7					1.5					1.1					1.5					24000.0					0.4					7.5					8.8					5.8					8.4					7.0					7.8					6.1					6.7					7.4					7.6					5.7					10.3					7.7					9.4					6.2					7.7					8.5					7.4					8.0					8.9					6.6					6.1					25.7					8.8					27.4					17.6					
23.9					41.8					42.0					34.7					1.0					1.3					2.1					1.4					4.4					2.2					2.5					1.5					3.0					1.5					1.7					1.7					1.3					2.0					1.9					1.5					2.7					0.8					1.8					2.3					2.6					1.9					3.0					2.1					1.4					2.3					2.5					1.6					2.3					2.1					2.8					2.1					1.3					0.6					86000.0					0.4					0.8					0.7					0.5					0.9					1.0					0.3					0.9					1.0					1.0					0.8					1.3					1.0					1.2					0.8					1.1					0.9					0.4					0.6					1.1					0.7					1.4					1000.0					0.7					0.7					0.9					1.0					0.6					1.3					1.4					1000.0					1.3					1.7					1.4					1.3					6.0					7.3					4.3					6.9					5.5					6.3					4.6					5.2					5.9					6.1					4.2					9.4					6.2					7.9					4.7					6.2					7.0					5.9					6.5					7.4					4.9					4.6					24.2					7.3					27.6					18.6					
23.7					41.6					41.8					34.5					0.5					0.8					2.0					1.0					4.0					1.9					2.2					0.8					2.6					1.2					1.2					1.4					1.1					1.7					1.5					1.4					2.5					0.4					1.4					2.0					2.2					1.5					2.6					1.7					1.1					2.0					2.1					1.3					2.0					1.8					2.4					1.9					0.9					0.3					0.7					0.9					0.6					1.4					1.1					0.5					1.4					0.5					0.7					1.4					1.5					1.1					1.8					0.8					1.6					0.8					1.1					0.7					0.8					0.3					1.0					1.3					1.9					0.7					1000.0					1.1					1.1					1.2					1.0					1.6					1.2					0.7					1.8					1.5					2.0					1.6					5.6					6.9					3.9					6.5					5.1					5.9					4.2					4.8					5.4					5.7					3.8					9.0					5.7					7.5					4.3					5.8					6.6					5.5					6.1					7.0					4.5					4.1					23.7					6.8					28.1					18.4					
23.5					41.4					41.6					34.3					1.4					2.0					2.5					2.1					5.1					2.6					2.8					1.9					3.7					1.7					2.4					2.1					1.4					2.4					2.6					2.0					3.1					1.5					2.5					2.7					3.3					2.6					3.7					2.6					1.8					2.6					3.2					1.8					2.6					2.5					3.5					2.5					2.0					1.1					0.7					0.2					1.0					0.6					0.5					1.6					0.6					0.8					0.7					0.3					0.5					1.2					0.8					0.8					0.7					0.4					0.6					1.0					1.0					1.1					1.3					1.1					0.8					0.7					1.1					1000.0					0.5					0.5					0.2					0.9					0.9					0.7					0.7					1.3					0.8					0.9					6.7					8.0					5.0					7.6					6.2					7.0					5.3					5.9					6.6					6.8					4.9					10.1					6.9					8.6					5.4					6.9					7.7					6.6					7.2					8.1					5.6					5.3					24.9					8.0					27.0					18.1					
23.0					40.9					41.1					33.8					1.3					1.9					2.4					2.0					5.0					2.5					2.8					1.9					3.6					1.6					2.3					2.1					1.4					2.4					2.6					1.9					3.0					1.5					2.5					2.6					3.3					2.5					3.6					2.5					1.7					2.6					3.2					1.8					2.6					2.5					3.4					2.4					2.0					1.3					0.9					0.6					0.9					1.0					0.9					1.6					0.4					0.7					0.6					0.4					0.4					1.6					0.7					0.7					0.5					0.3					0.1					1.0					1.2					1.3					1.3					1.5					0.9					0.9					1.1					0.5					1000.0					0.2					0.6					0.5					0.8					0.9					1.0					0.9					0.9					0.6					6.7					7.9					5.0					7.5					6.1					6.9					5.2					5.8					6.5					6.7					4.8					10.0					6.8					8.5					5.3					6.9					7.6					6.6					7.1					8.0					5.5					5.2					24.8					7.9					27.3					17.6					
23.0					40.9					41.1					33.7					1.5					2.1					2.6					2.2					5.2					2.7					3.0					2.0					3.8					1.8					2.5					2.2					1.6					2.5					2.7					2.1					3.2					1.7					2.7					2.8					3.5					2.7					3.8					2.7					1.9					2.8					3.4					2.0					2.7					2.6					3.6					2.6					2.2					1.5					0.9					0.6					1.1					1.0					0.9					1.8					0.2					0.9					0.8					0.2					0.2					1.6					0.5					0.9					0.3					0.4					0.1					1.1					1.3					1.5					1.4					1.5					0.7					1.0					1.2					0.5					0.2					1000.0					0.6					0.4					1.0					1.0					1.0					1.0					0.7					0.4					6.9					8.1					5.2					7.7					6.3					7.1					5.4					6.0					6.7					6.9					5.0					10.2					7.0					8.7					5.5					7.0					7.8					6.7					7.3					8.2					5.7					5.4					25.0					8.1					27.3					17.6					
23.6					41.5					41.7					34.4					1.3					1.9					2.4					2.0					5.0					2.5					2.7					1.8					3.6					1.6					2.3					2.0					1.3					2.3					2.5					1.9					3.0					1.4					2.4					2.6					3.2					2.5					3.6					2.5					1.7					2.5					3.1					1.7					2.5					2.4					3.4					2.4					1.9					1.1					0.6					0.1					0.9					0.5					0.3					1.5					0.8					0.7					0.9					0.5					0.7					1.0					0.8					1.0					0.9					0.6					0.7					1.0					0.9					1.1					1.2					0.9					0.9					0.6					1.0					0.2					0.6					0.6					1000.0					1.0					1.1					0.6					0.8					1.4					0.9					1.0					6.6					7.9					4.9					7.5					6.1					6.9					5.2					5.8					6.5					6.7					4.8					9.6					6.7					8.5					5.3					6.8					7.6					6.5					7.1					8.0					5.5					5.2					24.7					7.9					27.1					18.2					
22.6					40.5					40.7					33.4					1.9					2.5					3.2					2.6					5.6					3.1					3.6					2.4					4.2					2.2					2.9					2.6					1.9					2.9					3.1					2.4					3.8					2.0					3.0					3.4					3.9					3.1					4.2					3.1					2.3					3.4					3.7					2.3					3.1					3.2					4.0					3.2					2.5					1.9					1.3					1.0					1.5					1.4					1.3					2.1					0.3					1.3					1.2					0.6					0.3					2.0					0.3					1.3					0.1					0.8					0.5					1.5					1.6					1.9					1.8					1.9					0.5					1.3					1.6					0.9					0.5					0.4					1.0					1000.0					1.4					1.3					1.4					1.2					0.5					14000.0					7.2					8.5					5.5					8.1					6.7					7.5					5.8					6.4					7.1					7.3					5.4					10.6					7.3					9.1					5.9					7.4					8.2					7.1					7.7					8.6					6.1					5.8					25.3					8.5					27.7					17.2					
22.6					40.5					40.7					33.4					0.7					1.2					1.6					1.0					4.4					1.7					2.0					1.1					3.0					0.8					2.0					1.3					0.6					1.6					1.9					1.1					2.2					1.3					1.8					1.8					2.3					1.9					2.9					1.7					1.0					1.8					2.5					1.0					1.8					1.7					2.6					1.6					1.3					1.5					1.4					1.1					0.6					1.6					1.4					1.5					1.2					1.2					0.6					1.1					1.2					2.1					1.5					0.5					1.3					0.8					0.8					0.5					1.7					1.5					0.5					2.0					1.7					1.4					1.2					1.2					0.8					1.0					1.2					1.4					1000.0					1.4					1.7					0.6					1.7					1.4					6.0					7.2					4.3					6.9					5.5					6.2					4.5					5.2					5.8					6.1					4.2					9.9					6.1					7.9					4.7					6.2					7.0					5.9					6.4					7.3					4.8					4.5					24.1					7.2					28.0					17.2					
23.9					41.8					42.0					34.7					1.0					1.3					2.1					1.4					4.4					2.2					2.5					1.5					3.0					1.5					1.7					1.7					1.3					2.0					1.9					1.5					2.7					0.8					1.8					2.3					2.6					1.9					3.0					2.1					1.4					2.3					2.5					1.6					2.3					2.1					2.8					2.1					1.3					0.6					86000.0					0.4					0.8					0.7					0.5					0.9					1.0					0.3					0.9					1.0					1.0					0.8					1.3					1.0					1.2					0.8					1.1					0.9					0.4					0.6					1.1					0.7					1.4					1000.0					0.7					0.7					0.9					1.0					0.6					1.3					1.4					1000.0					1.3					1.7					1.4					1.3					6.0					7.3					4.3					6.9					5.5					6.3					4.6					5.2					5.9					6.1					4.2					9.4					6.2					7.9					4.7					6.2					7.0					5.9					6.5					7.4					4.9					4.6					24.2					7.3					27.6					18.6					
24.1					42.0					42.3					34.9					2.1					2.6					3.1					2.8					5.8					3.2					3.5					2.6					4.4					2.3					3.0					2.8					2.1					3.1					3.3					2.6					3.7					2.2					3.5					3.3					4.0					3.3					4.4					3.2					2.5					3.3					3.9					2.5					3.3					3.2					4.1					3.2					2.7					1.8					1.2					0.9					1.6					0.6					0.8					2.3					1.2					1.5					1.4					0.8					1.1					1.6					1.1					1.4					1.3					1.0					1.1					1.7					1.7					1.8					2.0					1.0					1.2					1.4					1.8					0.7					1.0					1.0					0.8					1.4					1.6					1.4					1000.0					1.8					1.2					1.4					7.4					8.6					5.7					8.3					6.9					7.6					5.9					6.6					7.2					7.5					5.6					10.2					7.5					9.3					6.1					7.6					8.4					7.3					7.8					8.7					6.5					5.9					25.5					8.6					26.4					18.8					
22.8					40.7					41.0					33.6					1.4					1.9					2.4					2.1					5.1					2.5					2.8					1.9					3.7					1.7					2.3					2.1					1.4					2.4					2.6					1.9					3.0					1.5					2.5					2.6					3.3					2.6					3.7					2.5					1.8					2.6					3.2					1.8					2.6					2.5					3.4					2.5					2.0					1.3					1.3					1.0					1.0					1.4					1.2					1.6					0.5					1.1					0.7					0.5					0.6					1.9					0.9					0.8					0.7					0.4					0.2					1.0					1.6					1.3					1.3					1.8					1.0					1.3					1.1					0.8					0.3					0.4					1.0					0.7					0.8					1.3					1.3					1000.0					1.1					0.7					6.7					8.0					5.0					7.6					6.2					6.9					5.3					5.9					6.5					6.8					4.9					10.1					6.8					8.6					5.4					6.9					7.7					6.6					7.1					8.0					5.6					5.2					24.8					7.9					27.6					17.5					
22.9					40.8					41.0					33.7					2.2					2.8					3.5					2.9					6.2					3.6					3.9					2.7					4.9					2.5					3.2					2.9					2.3					3.4					3.4					2.8					4.1					2.4					3.7					3.7					4.2					3.4					4.5					3.4					2.6					3.7					4.1					2.7					3.6					3.5					4.3					3.5					2.9					1.9					1.3					1.1					1.8					1.2					1.0					2.5					0.5					1.6					1.5					0.6					0.5					1.7					0.2					1.6					0.4					1.2					0.8					1.9					1.8					1.9					2.1					1.7					24000.0					1.6					2.0					0.8					0.9					0.7					0.9					0.4					1.8					1.6					1.2					1.5					1000.0					0.4					7.8					9.1					6.1					8.7					7.3					8.1					6.4					7.0					7.7					7.9					6.0					10.3					8.0					9.7					6.5					8.0					8.8					7.7					8.3					9.2					6.7					6.4					26.0					9.1					27.5					17.5					
22.6					40.5					40.7					33.4					1.9					2.5					3.1					2.6					5.6					3.1					3.6					2.4					4.2					2.2					2.9					2.6					1.9					2.9					3.1					2.5					3.8					2.0					3.0					3.4					3.9					3.1					4.2					3.1					2.3					3.3					3.7					2.4					3.1					3.2					4.0					3.2					2.5					1.9					1.3					1.0					1.5					1.4					1.3					2.1					0.3					1.3					1.2					0.6					0.3					2.0					0.4					1.3					0.1					0.8					0.5					1.5					1.7					1.9					1.8					1.9					0.5					1.3					1.6					0.9					0.6					0.4					1.0					14000.0					1.4					1.3					1.4					1.2					0.5					1000.0					7.2					8.5					5.5					8.1					6.7					7.5					5.8					6.4					7.1					7.3					5.4					10.6					7.4					9.1					5.9					7.4					8.2					7.1					7.7					8.6					6.1					5.8					25.4					8.5					27.7					17.2					
27.0					44.9					45.1					37.8					5.5					4.9					4.4					5.1					3.2					4.7					4.3					5.0					3.1					5.9					4.4					4.8					5.7					4.6					4.1					5.2					4.5					5.3					4.3					4.2					3.9					4.2					3.2					4.3					5.4					4.4					3.6					5.2					4.8					5.0					3.5					4.4					4.8					5.5					6.5					6.7					6.0					7.2					6.5					5.6					7.2					6.3					6.2					7.2					7.2					6.3					7.6					6.1					7.4					6.6					6.9					5.9					6.0					5.5					5.8					6.6					7.7					6.1					5.7					6.9					6.9					7.0					6.8					7.6					6.0					6.1					7.6					6.8					7.7					7.6					1000.0					1.0					2.2					0.9					3.2					0.2					2.4					3.4					2.1					0.4					2.2					13.1					0.2					1.9					2.3					0.2					0.9					0.9					0.5					1.3					4.1					1.5					23.0					1.3					22.7					21.7					
28.3					46.2					46.4					39.1					6.7					6.2					5.7					6.3					4.5					6.0					5.6					6.2					4.3					7.2					5.6					6.0					7.0					5.8					5.4					6.4					5.8					6.6					5.5					5.5					5.2					5.4					4.4					5.6					6.6					5.6					4.9					6.5					6.0					6.2					4.8					5.7					6.1					6.8					7.8					7.9					7.2					8.4					7.7					6.8					8.5					7.6					7.4					8.4					8.5					7.6					8.8					7.4					8.6					7.8					8.1					7.1					7.3					6.8					7.1					7.8					9.0					7.3					6.9					8.2					8.1					8.3					8.1					8.9					7.3					7.3					8.8					8.0					9.0					8.9					1.0					1000.0					2.9					0.4					3.3					1.0					2.8					3.5					2.3					0.9					2.8					14.3					1.1					1.5					2.7					0.8					0.3					1.1					0.6					0.5					4.5					2.8					23.4					0.1					23.9					22.9					
25.3					43.2					43.4					36.1					3.7					3.2					2.7					3.3					2.3					4.0					3.6					3.2					2.4					4.2					2.6					3.0					4.0					3.9					2.4					3.4					3.8					3.6					2.5					3.5					3.2					2.4					2.5					2.6					3.6					3.7					2.9					3.5					4.1					3.7					2.8					2.7					3.1					3.8					4.8					4.9					4.2					5.4					4.7					3.8					5.5					4.6					4.4					5.4					5.5					4.6					5.8					4.4					5.6					4.8					5.1					4.1					4.3					3.8					4.1					4.8					6.0					4.3					3.9					5.2					5.1					5.3					5.1					5.7					4.3					4.3					5.8					5.0					6.0					5.7					2.2					3.1					1000.0					2.8					1.4					2.1					0.4					1.4					1.7					2.0					0.2					11.3					2.1					3.8					0.6					2.1					2.9					1.8					2.3					3.2					2.1					0.6					21.0					3.1					20.9					19.9					
27.9					45.8					46.0					38.6					6.3					5.8					5.3					5.9					4.1					5.6					5.2					5.8					4.0					6.8					5.2					5.6					6.6					5.4					5.0					6.0					5.4					6.2					5.1					5.1					4.8					5.0					4.0					5.2					6.2					5.2					4.5					6.1					5.7					5.8					4.4					5.2					5.7					6.4					7.4					7.5					6.8					8.0					7.3					6.4					8.1					7.2					7.0					8.0					8.1					7.2					8.4					7.0					8.2					7.4					7.7					6.7					6.9					6.4					6.6					7.4					8.6					6.9					6.5					7.8					7.7					7.9					7.6					8.2					6.9					6.9					8.4					7.5					8.6					8.5					0.9					0.4					2.7					1000.0					3.1					0.7					2.7					3.3					2.2					0.8					2.7					13.9					0.8					1.1					2.5					0.7					0.8					1.0					0.4					0.5					4.4					2.4					23.3					0.4					23.5					22.5					
27.0					44.9					45.1					37.8					5.5					4.9					4.4					5.1					4.1					5.1					4.7					5.0					3.4					5.9					4.4					4.8					5.7					4.9					4.1					5.1					4.8					5.3					4.3					4.6					4.3					4.2					3.5					4.3					5.3					4.7					4.0					5.2					5.1					5.4					3.9					4.4					4.8					5.5					6.5					6.6					5.9					7.1					7.0					5.5					7.2					6.3					6.2					7.1					7.2					6.3					7.5					6.1					7.3					6.6					6.9					5.8					6.0					5.5					5.8					7.0					7.7					6.1					5.6					6.9					6.8					7.0					6.8					7.4					6.0					6.1					7.5					6.7					7.7					7.4					3.2					3.3					1.4					3.1					1000.0					3.2					1.0					0.8					1.2					2.7					1.3					13.1					3.3					4.1					1.0					2.9					3.2					2.5					2.7					3.6					1.3					1.7					19.8					3.5					22.6					21.6					
27.2					45.1					45.3					38.0					5.7					5.1					4.6					5.3					3.5					5.0					4.6					5.2					3.3					6.1					4.6					5.0					5.9					4.8					4.3					5.4					4.8					5.5					4.4					4.5					4.2					4.4					3.4					4.5					5.6					4.6					3.9					5.4					5.0					5.2					3.8					4.6					5.0					5.7					6.7					6.9					6.2					7.4					6.7					5.8					7.4					6.5					6.4					7.4					7.4					6.5					7.8					6.3					7.6					6.8					7.1					6.1					6.2					5.7					6.0					6.8					7.9					6.3					5.9					7.1					7.0					7.2					7.0					7.6					6.2					6.3					7.8					6.9					7.9					7.6					0.2					1.0					2.1					0.7					3.2					1000.0					2.4					3.4					2.2					0.5					2.1					13.2					0.1					1.7					2.2					0.2					0.7					0.8					0.7					1.2					4.1					1.8					23.0					1.0					22.8					21.9					
25.6					43.5					43.7					36.4					4.0					3.5					3.0					3.6					2.6					4.2					3.8					3.5					2.6					4.5					2.9					3.3					4.3					4.0					2.7					3.7					4.0					3.9					2.8					3.7					3.4					2.7					2.6					2.9					3.9					3.8					3.1					3.8					4.3					4.4					3.0					3.0					3.4					4.1					5.1					5.2					4.5					5.7					5.0					4.1					5.8					4.9					4.7					5.7					5.8					4.9					6.1					4.7					5.9					5.1					5.4					4.4					4.6					4.1					4.4					5.1					6.3					4.6					4.2					5.5					5.4					5.6					5.4					6.0					4.6					4.6					6.1					5.2					6.3					6.0					2.3					2.7					0.5					2.6					0.9					2.3					1000.0					1.1					1.3					1.8					0.4					11.6					2.2					3.6					0.5					2.1					2.6					1.6					2.2					3.1					2.1					0.8					21.0					3.0					21.2					20.2					
27.1					45.0					45.2					37.9					5.6					5.0					4.5					5.2					4.2					5.4					4.9					5.1					3.6					6.0					4.5					4.9					5.8					5.1					4.2					5.3					5.1					5.4					4.4					5.4					5.1					4.3					3.7					4.4					5.5					4.9					4.2					5.3					5.4					5.6					4.1					4.5					4.9					5.6					6.6					6.8					6.1					7.3					7.1					5.7					7.3					6.4					6.3					7.3					7.3					6.5					7.7					6.2					7.5					6.7					7.0					6.0					6.1					5.6					5.9					7.1					7.8					6.2					5.8					7.0					7.0					7.1					6.9					7.5					6.1					6.2					7.7					6.8					7.8					7.5					3.4					3.5					1.4					3.3					0.8					3.4					1.1					1000.0					2.2					2.9					1.2					13.2					3.3					4.3					1.2					3.1					3.4					2.7					2.9					3.8					1.4					1.9					19.9					3.7					22.8					21.8					
26.8					44.7					44.9					37.6					5.3					4.7					4.2					4.9					3.1					4.6					4.2					4.8					2.9					5.7					4.2					4.6					5.5					4.4					3.9					4.9					4.4					5.1					4.0					4.1					3.8					4.0					3.0					4.1					5.2					4.2					3.5					5.0					4.6					4.8					3.4					4.2					4.6					5.3					6.3					6.5					5.8					7.0					6.3					5.4					7.0					6.1					6.0					7.0					7.0					6.1					7.4					5.9					7.2					6.4					6.7					5.7					5.8					5.3					5.6					6.4					7.5					5.9					5.5					6.7					6.6					6.8					6.6					7.2					5.8					5.9					7.4					6.5					7.5					7.2					2.1					2.3					1.7					2.2					1.2					2.2					1.4					2.0					1000.0					1.7					1.7					12.8					2.1					3.2					1.2					2.0					2.2					1.3					1.8					2.7					2.3					1.3					20.8					2.5					22.4					21.5					
27.0					44.9					45.2					37.8					5.5					5.0					4.5					5.1					3.3					4.8					4.4					5.0					3.2					5.9					4.4					4.8					5.8					4.7					4.1					5.2					4.6					5.3					4.3					4.3					4.0					4.2					3.2					4.4					5.4					4.4					3.7					5.3					4.9					5.0					3.6					4.4					4.8					5.6					6.5					6.7					6.0					7.2					6.5					5.6					7.2					6.3					6.2					7.2					7.2					6.4					7.6					6.1					7.4					6.6					6.9					5.9					6.1					5.6					5.8					6.6					7.7					6.1					5.7					6.9					6.9					7.1					6.8					7.4					6.1					6.1					7.6					6.7					7.8					7.4					0.4					0.9					2.0					0.8					2.7					0.5					1.9					2.9					1.7					1000.0					1.9					13.1					0.4					1.8					1.7					0.3					0.8					0.3					0.4					1.3					3.6					1.5					22.5					1.2					22.7					21.7					
25.1					43.0					43.3					35.9					3.6					3.1					2.6					3.2					2.2					3.4					3.7					3.1					2.4					4.0					2.5					2.9					3.8					3.9					2.2					3.3					3.8					3.4					2.4					3.4					3.1					2.3					2.5					2.5					3.5					3.7					3.0					3.4					3.4					3.6					2.8					2.5					2.9					3.6					4.6					4.8					4.1					5.3					4.6					3.7					5.3					4.4					4.3					5.3					5.3					4.4					5.7					4.2					5.5					4.7					5.0					4.0					4.2					3.6					3.9					4.7					5.8					4.2					3.8					5.0					5.0					5.1					4.9					5.5					4.2					4.2					5.7					4.8					5.9					5.5					2.2					2.8					0.2					2.7					1.3					2.1					0.4					1.2					1.7					1.9					1000.0					11.2					2.1					3.7					0.5					2.1					2.7					1.7					2.3					3.2					1.9					0.7					20.8					3.1					20.8					19.8					
32.2					50.1					50.3					43.0					9.3					9.1					10.2					9.2					11.4					10.5					10.7					9.1					10.8					9.8					9.0					9.6					9.8					10.3					9.5					10.0					10.7					8.8					8.9					10.6					10.5					9.7					10.8					9.8					9.7					10.5					10.4					9.9					10.5					10.4					10.6					10.2					9.2					8.8					9.3					9.9					9.6					9.6					9.4					8.6					10.4					9.5					9.7					10.3					10.4					8.8					10.8					9.8					10.6					9.8					10.1					9.7					9.0					8.8					9.6					9.4					10.3					9.4					9.0					10.1					10.0					10.2					9.6					10.6					9.9					9.4					10.2					10.5					10.3					10.6					13.0					14.3					11.3					13.9					12.5					13.3					11.6					12.2					12.9					13.1					11.2					1000.0					13.1					14.9					11.7					13.2					14.0					12.9					13.5					14.4					11.9					11.5					30.8					14.2					36.5					26.8					
27.1					45.0					45.3					37.9					5.6					5.1					4.6					5.2					3.4					4.9					4.4					5.1					3.2					6.0					4.5					4.9					5.9					4.7					4.2					5.3					4.6					5.4					4.4					4.3					4.0					4.3					3.3					4.5					5.5					4.5					3.7					5.4					4.9					5.1					3.6					4.5					4.9					5.6					6.6					6.8					6.1					7.3					6.6					5.7					7.3					6.4					6.3					7.3					7.3					6.4					7.7					6.2					7.5					6.7					7.0					6.0					6.2					5.6					5.9					6.7					7.8					6.2					5.8					7.0					7.0					7.2					6.9					7.7					6.2					6.2					7.7					6.9					7.9					7.7					0.2					1.1					2.1					0.8					3.3					0.1					2.5					3.5					2.1					0.4					2.1					13.2					1000.0					1.8					2.4					0.2					0.9					0.8					0.6					1.3					4.2					1.7					23.1					1.1					22.8					21.8					
28.5					46.4					46.6					39.3					6.9					6.4					5.9					6.6					4.8					6.3					5.8					6.5					4.6					7.4					5.9					6.2					7.2					6.1					5.6					6.6					6.0					6.8					5.7					5.7					5.4					5.6					4.7					5.8					6.8					5.9					5.2					6.7					6.3					6.5					5.0					5.9					6.3					7.0					8.0					8.1					7.4					8.6					8.0					7.0					8.7					7.8					7.7					8.6					8.7					7.8					9.0					7.6					8.8					8.1					8.4					7.3					7.5					7.0					7.3					8.0					9.2					7.6					7.1					8.4					8.3					8.5					8.3					8.9					7.5					7.6					9.0					8.2					9.2					8.9					1.8					1.5					3.4					1.1					3.8					1.7					3.3					4.0					2.8					1.8					3.3					14.5					1.7					1000.0					3.2					1.7					1.7					1.6					1.4					0.9					5.0					3.1					17.2					1.5					24.1					23.1					
25.6					43.5					43.7					36.4					4.1					3.5					3.0					3.7					2.7					4.2					3.8					3.6					2.6					4.5					3.0					3.4					4.3					4.1					2.7					3.7					4.0					3.9					2.8					3.7					3.4					2.8					2.7					2.9					4.0					3.9					3.1					3.8					4.3					4.0					3.0					3.0					3.4					4.1					5.1					5.3					4.5					5.8					5.1					4.2					5.8					4.9					4.8					5.7					5.8					4.9					6.2					4.7					6.0					5.2					5.5					4.5					4.6					4.1					4.4					5.2					6.3					4.7					4.3					5.5					5.4					5.6					5.4					6.0					4.6					4.7					6.2					5.3					6.3					6.0					2.4					2.8					0.5					2.6					0.9					2.3					0.2					1.1					1.3					1.8					0.5					11.6					2.5					3.6					1000.0					2.1					2.7					1.7					2.2					3.1					1.8					0.9					20.8					3.0					21.2					20.3					
27.2					45.1					45.3					38.0					5.7					5.1					4.6					5.3					3.4					4.9					4.5					5.2					3.3					6.1					4.6					5.0					5.9					4.8					4.3					5.3					4.7					5.5					4.4					4.4					4.1					4.4					3.4					4.5					5.5					4.6					3.8					5.4					5.0					5.2					3.7					4.6					5.0					5.7					6.7					6.9					6.1					7.4					6.7					5.8					7.4					6.5					6.4					7.3					7.4					6.5					7.8					6.3					7.6					6.8					7.1					6.1					6.2					5.7					6.0					6.8					7.9					6.3					5.9					7.1					7.0					7.2					7.0					7.8					6.2					6.3					7.8					6.9					7.9					7.8					0.2					0.8					2.1					0.7					2.9					0.2					2.2					3.1					2.0					0.3					2.1					13.2					0.2					1.7					2.0					1000.0					0.7					0.6					0.3					1.2					3.8					1.7					22.8					1.0					22.8					21.8					
28.0					45.9					46.1					38.8					6.5					5.9					5.4					6.1					4.2					5.7					5.3					6.0					4.1					6.9					5.4					5.8					6.7					5.6					5.1					6.1					5.5					6.3					5.2					5.2					4.9					5.2					4.1					5.3					6.3					5.3					4.6					6.2					5.8					5.9					4.5					5.4					5.8					6.5					7.5					7.6					6.9					8.1					7.5					6.5					8.2					7.3					7.2					8.1					8.2					7.3					8.5					7.1					8.3					7.6					7.9					6.8					7.0					6.5					6.8					7.5					8.7					7.1					6.6					7.9					7.8					8.0					7.8					8.6					7.0					7.1					8.5					7.7					8.7					8.6					1.1					0.3					2.8					0.7					3.2					0.7					2.7					3.4					2.2					0.8					2.7					14.0					0.9					1.7					2.6					0.7					1000.0					1.0					0.6					0.9					4.4					2.5					23.3					0.3					23.6					22.6					
26.9					44.7					45.0					37.6					5.3					4.8					4.3					4.9					3.1					4.6					4.2					4.8					3.0					5.8					4.2					4.6					5.6					4.5					3.9					5.0					4.4					5.2					4.1					4.1					3.8					4.0					3.0					4.2					5.2					4.2					3.5					5.1					4.7					4.8					3.4					4.2					4.6					5.4					6.3					6.5					5.8					7.0					6.3					5.4					7.0					6.1					6.0					7.0					7.1					6.2					7.4					5.9					7.2					6.4					6.7					5.7					5.9					5.4					5.6					6.4					7.5					5.9					5.5					6.7					6.7					6.9					6.6					7.2					5.9					5.9					7.4					6.5					7.6					7.2					0.8					1.1					1.8					1.0					2.3					0.8					1.7					2.7					1.3					0.3					1.7					12.9					0.8					2.0					1.5					0.6					1.0					1000.0					0.6					1.5					3.4					1.4					22.3					1.4					22.5					21.5					
27.4					45.3					45.6					38.2					5.9					5.4					4.9					5.5					3.7					5.2					4.8					5.4					3.5					6.3					4.8					5.2					6.2					5.0					4.5					5.6					5.0					5.7					4.7					4.7					4.4					4.6					3.6					4.8					5.8					4.8					4.1					5.7					5.2					5.4					4.0					4.8					5.2					5.9					6.9					7.1					6.4					7.6					6.9					6.0					7.6					6.7					6.6					7.6					7.6					6.7					8.0					6.5					7.8					7.0					7.3					6.3					6.5					5.9					6.2					7.0					8.1					6.5					6.1					7.3					7.3					7.5					7.2					7.8					6.5					6.5					8.0					7.1					8.2					8.1					0.5					0.6					2.3					0.4					2.7					0.7					2.2					2.9					1.8					0.4					2.3					13.5					0.6					1.4					2.1					0.3					0.6					0.6					1000.0					0.9					3.9					2.0					22.9					0.7					23.1					22.1					
28.8					46.7					46.9					39.6					7.3					6.7					6.2					6.9					5.0					6.5					6.1					6.8					4.9					7.7					6.2					6.6					7.5					6.4					5.9					6.9					6.3					7.1					6.0					6.0					5.7					6.0					4.9					6.1					7.1					6.2					5.4					7.0					6.6					6.7					5.3					6.2					6.6					7.3					8.3					8.4					7.7					9.0					8.3					7.3					9.0					8.1					8.0					8.9					9.0					8.1					9.4					7.9					9.2					8.4					8.7					7.6					7.8					7.3					7.6					8.3					9.5					7.9					7.4					8.7					8.6					8.8					8.6					9.4					7.8					7.9					9.4					8.5					9.5					9.4					1.3					0.5					3.2					0.5					3.6					1.5					3.1					3.8					2.7					1.3					3.2					14.8					1.2					0.9					3.0					1.2					0.9					1.5					0.9					1000.0					4.8					3.3					23.8					0.6					24.4					23.4					
26.1					44.0					44.2					36.9					4.2					3.7					3.5					3.9					3.2					4.4					5.5					3.9					4.3					4.7					3.2					3.6					4.5					4.4					3.2					4.0					4.4					4.1					3.0					4.4					4.1					3.2					4.3					3.4					3.9					4.6					4.0					4.3					4.3					4.5					4.7					3.5					3.6					4.3					5.2					5.5					4.7					6.0					5.8					4.6					5.9					5.0					5.0					5.8					5.9					5.1					6.2					4.9					6.0					5.2					5.5					4.6					4.8					4.3					4.6					5.8					6.3					4.9					4.4					5.5					5.7					5.7					5.6					6.0					4.9					4.9					6.2					5.5					6.4					6.1					4.8					6.1					2.5					4.4					1.3					5.1					2.1					1.4					2.3					3.9					2.4					11.8					5.0					5.4					2.2					5.0					5.8					3.7					3.9					4.8					1000.0					3.5					19.4					6.1					32.5					20.7					
25.7					43.6					43.8					36.5					4.2					3.6					3.1					3.8					1.9					3.4					3.0					3.7					1.8					4.6					3.1					3.5					4.4					3.3					2.8					3.9					3.2					4.0					3.0					2.9					2.6					2.9					1.8					3.0					4.1					3.0					2.3					3.9					3.5					3.6					2.2					3.1					3.5					4.2					5.2					5.4					4.7					5.9					5.2					4.3					5.9					5.0					4.9					5.9					5.9					5.0					6.3					4.8					6.1					5.3					5.6					4.6					4.7					4.2					4.5					5.3					6.4					4.8					4.4					5.6					5.6					5.7					5.5					6.1					4.7					4.8					6.3					5.4					6.4					6.3					1.5					2.8					0.6					2.4					1.7					1.7					0.9					1.9					1.3					1.5					0.7					11.8					1.7					3.4					0.7					1.7					2.5					1.4					2.0					2.9					2.6					1000.0					21.5					2.8					21.4					20.4					
45.1					63.0					63.2					55.9					23.5					23.0					22.5					22.8					22.2					23.4					24.5					23.0					23.3					24.0					22.1					22.5					23.8					23.4					22.2					23.2					23.4					23.4					22.0					23.4					23.1					22.2					23.3					22.4					23.4					23.6					23.0					23.3					23.3					23.5					23.7					22.5					22.6					23.6					24.6					24.7					24.0					24.9					24.7					23.6					25.3					24.4					24.3					25.2					25.3					24.1					25.6					24.2					25.4					24.7					25.0					23.9					23.8					23.6					23.9					24.7					25.8					24.2					23.4					25.0					24.9					25.1					24.9					25.5					24.1					24.2					25.6					24.8					25.8					25.5					23.8					23.1					21.0					22.9					19.8					24.1					20.7					19.9					20.8					22.5					20.9					30.8					24.0					17.2					20.8					24.0					23.0					22.3					22.5					16.9					19.4					22.5					1000.0					23.3					40.7					39.7					
28.3					46.1					46.4					39.0					6.7					6.2					5.7					6.3					4.5					6.0					5.6					6.2					4.3					7.2					5.6					6.0					7.0					5.8					5.3					6.4					5.7					6.6					5.5					5.5					5.2					5.4					4.4					5.6					6.6					5.6					4.9					6.5					6.0					6.2					4.8					5.6					6.0					6.8					7.7					7.9					7.2					8.4					7.7					6.8					8.4					7.5					7.4					8.4					8.5					7.6					8.8					7.3					8.6					7.8					8.1					7.1					7.3					6.8					7.0					7.8					8.9					7.3					6.9					8.1					8.1					8.3					8.0					8.9					7.3					7.3					8.8					8.0					9.0					8.8					1.3					0.1					3.4					0.4					3.4					1.0					2.9					3.6					2.4					1.0					2.9					14.3					1.1					1.5					2.8					0.9					0.3					1.2					0.8					0.6					4.6					2.8					23.5					1000.0					23.9					22.9					
24.2					39.9					40.1					32.8					28.4					28.9					29.4					29.1					32.1					29.5					29.8					28.9					30.7					28.7					29.3					29.1					28.4					29.4					29.6					28.9					30.0					28.5					29.8					29.6					30.3					29.6					30.7					29.5					28.8					29.6					30.2					28.8					29.6					29.5					30.4					29.5					29.0					28.1					27.5					27.2					27.9					26.9					27.1					28.6					27.5					27.8					27.7					27.2					27.4					27.9					27.4					27.8					27.6					27.3					27.4					28.0					28.0					28.1					28.3					27.3					27.5					27.7					28.1					27.0					27.3					27.3					27.1					27.7					27.9					27.7					26.4					28.1					27.5					27.7					33.7					35.0					32.0					34.6					33.2					33.9					32.2					32.9					33.5					33.8					31.9					36.5					33.8					35.6					32.4					33.9					34.7					33.6					34.1					35.0					32.8					32.2					51.8					34.9					1000.0					19.0					
8.3					24.9					25.1					17.8					17.9					18.3					17.4					18.0					20.2					17.8					17.7					18.2					18.7					17.6					18.8					17.7					17.7					17.7					18.4					17.3					17.9					18.4					18.9					18.1					18.1					18.3					18.6					18.1					17.6					17.5					18.4					17.2					17.9					17.5					18.3					17.5					18.2					18.6					18.5					18.2					17.8					18.7					18.6					18.6					17.5					18.3					17.6					17.8					17.5					19.2					17.5					17.7					17.3					17.7					17.4					17.6					18.8					18.6					17.6					19.2					17.5					18.5					18.3					18.0					17.6					17.6					18.2					17.2					17.2					18.5					18.7					17.2					17.5					17.2					21.6					22.8					20.1					22.5					21.3					21.8					20.4					21.0					21.4					21.7					20.0					27.0					21.7					23.5					20.5					21.8					22.6					21.5					22.0					22.9					21.0					20.3					40.0					22.8					19.5					1000.0					
