08-26-2021-16:25
100
180
6
1
7
10
3
4
3
3
7
10
7
1
1
1
10
6
5
4
6
3
1
8
9
2
5
9
9
3
8
6
3
2
7
1
4
9
10
6
4
10
1
6
4
5
6
3
7
5
7
2
3
3
10
5
4
8
10
8
10
3
4
2
5
10
6
9
5
3
7
10
9
4
9
6
8
7
5
4
8
7
8
7
5
6
8
9
3
4
1
9
10
9
2
2
1
1
3
6
4
1
1000.0					0.3					1.1					1.5					9.0					6.6					7.3					0.6					0.9					0.9					0.2					1.9					0.9					0.2					1.8					1.9					7.0					0.4					50.7					56.2					61.5					39.8					55.1					57.9					70.6					54.7					62.0					18.2					19.4					18.0					19.8					19.5					17.8					18.4					18.7					17.7					19.3					17.8					18.8					18.6					18.2					17.8					18.3					18.1					18.2					17.8					19.5					17.5					18.0					16.7					19.6					18.1					17.6					17.4					20.0					17.5					17.2					17.9					17.3					17.3					17.6					19.0					17.8					19.7					17.8					17.9					16.8					17.6					16.6					17.3					15.0					16.9					17.6					17.2					17.0					16.6					17.8					17.2					16.7					17.6					17.2					13.0					11.8					16.5					16.3					14.2					16.1					16.5					16.5					17.6					18.3					15.6					16.3					16.3					16.2					17.0					13.9					17.0					14.6					18.1					
0.3					1000.0					1.2					1.6					9.1					6.7					7.4					0.5					0.7					0.7					0.4					2.1					1.0					0.2					2.0					2.1					7.1					0.4					50.7					56.3					61.5					39.9					55.2					57.9					70.6					54.7					62.1					18.4					19.5					18.1					20.0					19.6					17.9					18.5					18.8					17.9					19.5					18.0					19.0					18.7					18.3					18.0					18.5					18.3					18.3					17.9					19.7					17.6					18.1					16.9					19.7					18.3					17.7					17.5					20.2					17.7					17.4					18.1					17.5					17.4					17.7					19.1					18.0					19.8					17.9					18.0					16.9					17.6					16.6					17.3					15.1					17.0					17.7					17.2					17.1					16.7					17.9					17.2					16.8					17.6					17.3					13.1					11.9					16.5					16.4					14.2					16.2					16.5					16.6					17.7					18.4					15.6					16.4					16.3					16.2					17.0					14.0					17.0					14.6					18.1					
1.1					1.2					1000.0					1.7					9.2					7.1					7.8					1.6					3.4					1.9					0.8					2.2					0.5					1.2					2.1					2.1					7.5					1.5					51.2					56.8					62.0					40.3					55.7					58.4					71.1					55.2					62.6					18.4					19.6					18.2					20.0					19.7					18.0					18.6					18.9					17.9					19.5					18.0					19.0					18.8					18.4					18.0					18.5					18.3					18.4					18.0					19.8					17.7					18.2					17.0					19.8					18.3					17.8					17.6					20.3					17.8					17.5					18.1					17.5					17.5					17.8					19.2					18.0					19.9					18.0					18.1					17.3					18.1					17.1					17.8					15.6					17.4					18.1					17.7					17.5					17.1					18.3					17.7					17.3					18.1					17.8					13.6					12.4					17.0					16.8					14.7					16.7					17.0					17.1					18.2					18.8					16.1					16.9					16.8					16.7					17.5					14.5					17.5					15.1					18.6					
1.5					1.6					1.7					1000.0					8.3					8.0					8.8					1.9					2.3					2.3					1.2					0.6					1.4					1.6					0.6					0.6					8.4					1.8					52.1					57.7					62.9					41.2					56.6					59.3					72.0					56.1					63.5					17.5					18.7					17.3					19.1					18.8					17.1					17.7					18.0					17.0					18.6					17.1					18.1					17.9					17.5					17.1					17.6					17.4					17.5					17.1					18.8					16.8					17.3					16.0					18.9					17.4					16.9					16.7					19.4					16.8					16.6					17.2					16.6					16.6					16.9					18.3					17.1					19.0					17.1					17.2					18.2					19.0					18.0					18.7					16.5					18.4					19.1					18.6					18.4					18.1					19.2					18.6					18.2					19.0					18.7					14.5					13.3					17.9					17.7					15.6					17.6					17.9					18.0					19.1					19.7					17.0					17.8					17.7					17.6					18.4					15.4					18.4					16.0					19.5					
9.0					9.1					9.2					8.2					1000.0					15.6					16.3					9.5					9.8					9.8					8.7					8.6					9.0					9.1					8.5					8.6					16.0					9.4					55.6					55.3					60.6					38.9					54.2					57.0					69.7					59.6					61.1					12.4					13.5					12.1					14.0					13.6					11.9					12.5					12.8					11.9					13.4					12.0					12.9					12.7					12.3					12.0					12.5					12.3					12.3					11.9					13.7					11.6					12.1					10.9					13.7					12.2					11.7					11.5					14.2					11.7					11.4					12.0					11.4					11.4					11.7					13.1					12.0					13.8					11.9					12.0					25.8					26.5					25.5					26.2					24.0					25.9					26.6					26.1					26.0					25.6					26.8					26.1					25.7					26.5					26.2					22.0					20.8					25.4					25.3					23.1					25.1					25.4					25.5					26.6					27.3					24.5					25.3					25.2					25.1					25.9					22.9					25.9					23.5					27.0					
7.0					7.1					11.5					12.5					20.0					1000.0					0.9					6.7					7.1					6.7					11.6					12.9					11.3					7.1					12.8					12.9					0.8					6.7					45.3					50.8					56.1					34.4					49.7					52.4					65.1					49.2					56.6					28.4					29.6					28.2					30.0					29.7					28.0					28.5					28.9					27.9					29.5					28.0					29.0					28.8					28.4					28.0					28.5					28.3					28.4					27.9					29.7					27.6					28.2					26.9					29.8					28.3					27.8					27.5					30.2					27.7					27.4					28.1					27.5					27.5					27.7					29.2					28.0					29.9					27.9					28.1					11.4					12.1					11.2					11.9					9.6					11.5					12.2					11.8					11.6					11.2					12.4					11.8					11.3					12.1					11.8					7.6					6.4					11.1					10.9					8.8					10.7					11.0					11.1					12.2					12.9					10.1					10.9					10.8					10.8					11.6					8.5					11.6					9.2					12.6					
7.7					7.8					12.3					13.2					20.7					0.9					1000.0					7.4					7.8					7.4					12.4					13.7					12.0					7.8					13.6					13.7					1.1					7.4					46.0					51.6					56.8					35.1					50.5					53.2					65.9					50.0					57.4					29.1					30.3					28.9					30.7					30.4					28.7					29.3					29.6					28.6					30.2					28.7					29.7					29.5					29.1					28.7					29.2					29.0					29.1					28.7					30.5					28.4					28.9					27.7					30.5					29.0					28.5					28.3					31.0					28.5					28.2					28.8					28.2					28.2					28.5					29.9					28.7					30.6					28.7					28.8					12.1					12.9					11.9					12.6					10.4					12.2					12.9					12.5					12.3					11.9					13.1					12.5					12.1					12.9					12.6					8.4					7.2					11.8					11.6					9.5					11.5					11.8					11.9					13.0					13.6					10.9					11.7					11.6					11.5					12.3					9.3					12.3					9.9					13.4					
0.6					0.5					1.6					2.0					9.4					6.1					6.8					1000.0					0.8					0.5					0.7					2.4					1.3					0.5					2.3					2.4					6.5					0.2					50.2					55.7					61.0					39.3					54.6					57.3					70.0					54.1					61.5					18.7					19.9					18.5					20.3					20.0					18.3					18.8					19.2					18.2					19.8					18.3					19.3					19.1					18.7					18.3					18.8					18.6					18.7					18.2					20.0					17.9					18.4					17.2					20.0					18.6					18.1					17.8					20.5					18.0					17.7					18.4					17.8					17.8					18.0					19.5					18.3					20.2					18.2					18.4					16.3					17.0					16.1					16.7					14.5					16.4					17.1					16.6					16.5					16.1					17.3					16.6					16.2					17.0					16.7					12.5					11.3					16.0					15.8					13.7					15.6					15.9					16.0					17.1					17.8					15.0					15.8					15.7					15.6					16.4					13.4					16.4					14.0					17.5					
0.9					0.7					1.9					2.3					9.8					5.5					6.2					0.8					1000.0					0.6					1.0					2.7					1.7					0.7					2.6					2.7					5.9					0.9					49.6					55.1					60.4					38.7					54.0					56.8					69.5					53.6					60.9					19.0					20.2					18.8					20.6					20.3					18.6					19.2					19.5					18.5					20.1					18.6					19.6					19.4					19.0					18.6					19.1					18.9					19.0					18.6					20.4					18.3					18.8					17.5					20.4					18.9					18.4					18.2					20.9					18.3					18.1					18.7					18.1					18.1					18.4					19.8					18.6					20.5					18.6					18.7					15.7					16.5					15.5					16.2					13.9					15.8					16.5					16.1					15.9					15.5					16.7					16.1					15.7					16.5					16.1					11.9					10.7					15.4					15.2					13.1					15.1					15.4					15.4					16.5					17.2					14.5					15.2					15.2					15.1					15.9					12.9					15.9					13.5					17.0					
0.9					0.7					1.9					2.4					9.8					6.1					6.8					0.5					0.4					1000.0					1.1					2.8					1.7					0.8					2.7					2.8					6.5					0.5					50.2					55.7					61.0					39.3					54.6					57.3					70.0					54.1					61.5					19.1					20.3					18.8					20.7					20.4					18.6					19.2					19.5					18.6					20.2					18.7					19.7					19.5					19.0					18.7					19.2					19.0					19.1					18.6					20.4					18.3					18.8					17.6					20.4					19.0					18.5					18.2					20.9					18.4					18.1					18.8					18.2					18.2					18.4					19.9					18.7					20.6					18.6					18.8					16.3					17.0					16.1					16.7					14.5					16.4					17.1					16.7					16.5					16.1					17.3					16.7					16.2					17.0					16.7					12.5					11.3					16.0					15.8					13.7					15.6					15.9					16.0					17.1					17.8					15.0					15.8					15.7					15.7					16.5					13.4					16.4					14.1					17.5					
0.2					0.4					0.8					1.3					8.7					7.2					7.9					0.7					1.0					1.1					1000.0					1.7					0.6					0.4					1.6					1.7					7.6					0.6					51.3					56.8					62.1					40.4					55.8					58.5					71.2					55.3					62.6					18.0					19.2					17.7					19.6					19.3					17.5					18.1					18.4					17.5					19.1					17.6					18.6					18.4					17.9					17.6					18.1					17.9					17.9					17.5					19.3					17.2					17.7					16.5					19.3					17.9					17.4					17.1					19.8					17.3					17.0					17.7					17.1					17.1					17.3					18.8					17.6					19.5					17.5					17.6					17.4					18.2					17.2					17.9					15.6					17.5					18.2					17.8					17.6					17.2					18.4					17.8					17.4					18.2					17.8					13.6					12.4					17.1					16.9					14.8					16.8					17.1					17.1					18.2					18.9					16.2					17.0					16.9					16.8					17.6					14.6					17.6					15.2					18.7					
1.9					2.0					2.1					0.6					8.7					8.5					9.2					2.4					2.7					2.8					1.7					1000.0					1.9					2.0					0.2					0.2					8.9					2.3					52.6					58.1					63.4					41.7					57.0					59.7					72.4					56.5					63.9					18.0					19.1					17.7					19.6					19.2					17.5					18.1					18.4					17.5					19.0					17.6					18.5					18.3					17.9					17.6					18.1					17.9					17.9					17.5					19.3					17.2					17.7					16.5					19.3					17.8					17.3					17.1					19.8					17.3					17.0					17.6					17.0					17.0					17.3					18.7					17.6					19.4					17.5					17.6					18.7					19.4					18.5					19.1					16.9					18.8					19.5					19.0					18.9					18.5					19.7					19.0					18.6					19.4					19.1					14.9					13.7					18.4					18.2					16.1					18.0					18.3					18.4					19.5					20.2					17.4					18.2					18.1					18.1					18.8					15.8					18.8					16.4					19.9					
0.9					1.0					0.5					1.5					9.0					6.9					7.6					1.3					3.1					1.7					0.6					1.9					1000.0					1.0					1.8					1.9					7.3					1.2					51.0					56.5					61.7					40.1					55.4					58.1					70.8					54.9					62.3					18.2					19.4					18.0					19.8					19.5					17.8					18.4					18.7					17.7					19.3					17.8					18.8					18.6					18.2					17.8					18.3					18.1					18.2					17.8					19.5					17.5					18.0					16.7					19.6					18.1					17.6					17.3					20.0					17.5					17.2					17.9					17.3					17.3					17.5					19.0					17.8					19.7					17.7					17.9					17.1					17.8					16.9					17.5					15.3					17.2					17.9					17.4					17.3					16.9					18.1					17.4					17.0					17.8					17.5					13.3					12.1					16.8					16.6					14.5					16.4					16.7					16.8					17.9					18.6					15.8					16.6					16.5					16.4					17.2					14.2					17.2					14.8					18.3					
0.2					0.2					1.2					1.6					9.1					6.7					7.4					0.6					0.7					0.8					0.4					2.1					1.0					1000.0					2.0					2.0					7.1					0.4					50.8					56.3					61.6					39.9					55.2					57.9					70.6					54.7					62.1					18.4					19.5					18.1					19.9					19.6					17.9					18.5					18.8					17.9					19.4					18.0					18.9					18.7					18.3					18.0					18.5					18.2					18.3					17.9					19.7					17.6					18.1					16.9					19.7					18.2					17.7					17.5					20.2					17.7					17.4					18.0					17.4					17.4					17.7					19.1					17.9					19.8					17.9					18.0					16.9					17.6					16.7					17.3					15.1					17.0					17.7					17.2					17.1					16.7					17.9					17.2					16.8					17.6					17.3					13.1					11.9					16.6					16.4					14.3					16.2					16.5					16.6					17.7					18.4					15.6					16.4					16.3					16.2					17.0					14.0					17.0					14.6					18.1					
1.8					1.9					2.0					0.6					8.6					8.4					9.1					2.3					2.6					2.7					1.6					0.2					1.8					1.9					1000.0					77000.0					8.8					2.2					52.5					58.0					63.3					41.6					56.9					59.6					72.3					56.4					63.8					17.9					19.0					17.6					19.5					19.1					17.4					18.0					18.3					17.4					19.0					17.5					18.4					18.2					17.8					17.5					18.0					17.8					17.8					17.4					19.2					17.1					17.6					16.4					19.2					17.8					17.2					17.0					19.7					17.2					16.9					17.6					17.0					16.9					17.2					18.6					17.5					19.3					17.4					17.5					18.6					19.3					18.4					19.0					16.8					18.7					19.4					19.0					18.8					18.4					19.6					18.9					18.5					19.3					19.0					14.8					13.6					18.3					18.1					16.0					17.9					18.2					18.3					19.4					20.1					17.3					18.1					18.0					18.0					18.8					15.7					18.7					16.3					19.8					
1.9					2.0					2.1					0.6					8.7					8.5					9.2					2.4					2.7					2.7					1.6					0.2					1.9					2.0					77000.0					1000.0					8.9					2.3					52.5					58.1					63.3					41.7					57.0					59.7					72.4					56.5					63.9					18.0					19.1					17.7					19.5					19.2					17.5					18.1					18.4					17.5					19.0					17.6					18.5					18.3					17.9					17.6					18.0					17.8					17.9					17.5					19.3					17.2					17.7					16.5					19.3					17.8					17.3					17.1					19.8					17.3					17.0					17.6					17.0					17.0					17.3					18.7					17.5					19.4					17.5					17.6					18.7					19.4					18.4					19.1					16.9					18.8					19.5					19.0					18.8					18.5					19.7					19.0					18.6					19.4					19.1					14.9					13.7					18.3					18.2					16.0					18.0					18.3					18.4					19.5					20.2					17.4					18.2					18.1					18.0					18.8					15.8					18.8					16.4					19.9					
7.4					7.5					11.9					12.9					20.4					0.8					1.1					7.1					7.5					7.1					12.0					13.3					11.7					7.5					13.2					13.3					1000.0					7.1					45.7					51.2					56.5					34.8					50.1					52.8					65.5					49.6					57.0					28.8					30.0					28.6					30.4					30.1					28.4					28.9					29.3					28.3					29.9					28.4					29.4					29.2					28.8					28.4					28.9					28.7					28.8					28.3					30.1					28.0					28.5					27.3					30.1					28.7					28.2					27.9					30.6					28.1					27.8					28.5					27.9					27.9					28.1					29.6					28.4					30.3					28.3					28.5					11.8					12.5					11.6					12.3					10.0					11.9					12.6					12.2					12.0					11.6					12.8					12.2					11.7					12.5					12.2					8.0					6.8					11.5					11.3					9.2					11.1					11.4					11.5					12.6					13.3					10.5					11.3					11.2					11.2					12.0					8.9					12.0					9.6					13.0					
0.4					0.4					1.5					1.9					9.4					6.5					7.2					0.2					0.8					0.5					0.6					2.3					1.2					0.4					2.2					2.3					6.9					1000.0					50.6					56.1					61.4					39.7					55.0					57.7					70.4					54.5					61.9					18.6					19.8					18.4					20.2					19.9					18.2					18.7					19.1					18.1					19.7					18.2					19.2					19.0					18.6					18.2					18.7					18.5					18.6					18.1					19.9					17.8					18.3					17.1					19.9					18.5					18.0					17.7					20.4					17.9					17.6					18.3					17.7					17.7					17.9					19.4					18.2					20.1					18.1					18.3					16.7					17.4					16.5					17.1					14.9					16.8					17.5					17.0					16.9					16.5					17.7					17.0					16.6					17.4					17.1					12.9					11.7					16.4					16.2					14.1					16.0					16.3					16.4					17.5					18.2					15.4					16.2					16.1					16.0					16.8					13.8					16.8					14.4					17.9					
55.2					55.3					59.8					60.3					55.2					50.4					51.1					54.9					55.3					54.9					59.9					60.7					59.5					55.3					60.6					60.7					50.8					54.9					1000.0					38.8					54.2					45.7					28.7					43.7					51.1					5.8					23.4					47.7					48.9					47.5					49.3					49.0					47.3					47.9					48.2					47.2					48.8					47.3					48.3					48.1					47.7					47.3					47.8					47.6					47.7					47.3					49.1					47.0					47.5					46.3					49.1					47.6					47.1					46.9					49.6					47.1					46.8					47.4					46.8					46.8					47.1					48.5					47.3					49.2					47.3					47.4					38.0					38.8					38.8					37.6					36.9					38.2					37.7					37.1					38.2					38.2					37.4					35.9					38.0					38.8					37.9					38.3					43.2					38.6					36.4					41.0					38.7					37.7					38.3					38.0					38.0					36.8					38.7					38.5					36.5					37.4					40.8					38.2					41.4					37.9					
57.4					57.5					61.1					60.1					55.0					52.6					53.3					57.1					57.5					57.1					60.7					60.5					61.7					57.5					60.4					60.5					53.0					57.1					39.0					1000.0					15.9					22.8					16.1					6.0					15.8					41.0					15.9					47.5					48.7					47.3					49.1					48.8					47.1					47.7					48.0					47.0					48.6					47.1					48.1					47.9					47.5					47.1					47.6					47.4					47.5					47.1					48.9					46.8					47.3					46.1					48.9					47.4					46.9					46.7					49.4					46.9					46.6					47.2					46.6					46.6					46.9					48.3					47.1					49.0					47.1					47.2					43.5					44.2					44.3					43.0					42.3					43.6					43.2					42.6					43.7					43.6					42.9					41.3					43.4					44.2					43.4					43.7					48.6					44.0					41.8					46.5					44.1					43.1					43.7					43.4					43.4					42.2					44.2					44.0					42.9					42.8					46.2					43.6					46.8					43.4					
61.8					61.9					65.5					64.5					59.4					57.0					57.7					61.5					61.9					61.5					65.0					64.9					66.1					61.9					64.8					64.9					57.4					61.5					53.7					15.9					1000.0					27.2					34.4					10.3					9.8					55.6					30.7					51.9					58.8					51.7					59.2					58.9					51.5					52.1					59.5					51.4					58.7					51.5					52.5					59.2					51.9					51.5					52.0					51.8					51.9					51.4					58.9					51.2					51.7					50.4					59.0					51.8					51.3					51.0					59.4					51.2					50.9					51.6					51.0					51.0					51.2					52.7					51.5					59.1					51.4					51.6					47.9					48.6					48.7					47.4					46.7					48.0					47.6					46.9					48.0					48.0					47.2					45.7					47.8					48.6					47.7					48.1					53.0					48.4					46.2					50.8					48.5					47.5					48.1					47.8					47.8					46.6					48.5					48.3					47.2					47.2					50.6					48.0					51.2					47.7					
39.3					39.3					42.9					41.9					36.8					34.4					35.2					38.9					39.3					38.9					42.5					42.3					43.5					39.3					42.2					42.3					34.8					38.9					43.7					22.9					28.2					1000.0					18.6					24.5					37.2					47.6					25.5					29.4					30.5					29.1					30.9					30.6					28.9					29.5					29.8					28.9					30.4					29.0					29.9					29.7					29.3					29.0					29.4					29.2					29.3					28.9					30.7					28.6					29.1					27.9					30.7					29.2					28.7					28.5					31.2					28.7					28.4					29.0					28.4					28.4					28.7					30.1					28.9					30.8					28.9					29.0					25.3					26.0					26.1					24.8					24.1					25.4					25.0					24.4					25.5					25.5					24.7					23.1					25.2					26.0					25.2					25.5					30.4					25.8					23.6					28.3					25.9					24.9					25.5					25.2					25.2					24.0					26.0					25.8					24.7					24.6					28.0					25.5					28.7					25.2					
56.4					56.5					60.1					59.0					54.0					51.6					52.3					56.1					56.5					56.1					59.6					59.5					60.7					56.5					59.4					59.5					52.0					56.1					28.9					16.1					35.5					21.8					1000.0					22.0					31.8					30.9					6.9					46.5					47.7					46.3					48.1					47.8					46.1					46.6					47.0					46.0					47.6					46.1					47.1					46.9					46.5					46.1					46.6					46.4					46.5					46.0					47.8					45.7					46.2					45.0					47.8					46.4					45.9					45.6					48.3					45.8					45.5					46.2					45.6					45.6					45.8					47.3					46.1					48.0					46.0					46.2					42.5					43.2					43.2					42.0					41.3					42.6					42.1					41.5					42.6					42.6					41.8					40.3					42.4					43.2					42.3					42.7					47.6					43.0					40.8					45.4					43.1					42.1					42.7					42.4					42.4					41.2					43.1					42.9					41.8					41.8					45.2					42.6					45.8					42.3					
59.1					59.1					62.7					61.7					56.7					54.2					55.0					58.7					59.2					58.7					62.3					62.1					63.4					59.1					62.1					62.1					54.6					58.8					43.9					6.0					10.3					24.4					22.0					1000.0					16.9					45.8					20.8					49.2					50.3					48.9					50.8					50.4					48.7					49.3					49.6					48.7					50.2					48.8					49.8					49.5					49.1					48.8					49.3					49.1					49.1					48.7					50.5					48.4					48.9					47.7					50.5					49.1					48.5					48.3					51.0					48.5					48.2					48.9					48.3					48.2					48.5					49.9					48.8					50.6					48.7					48.8					45.1					45.9					45.9					44.7					43.9					45.2					44.8					44.2					45.3					45.3					44.5					42.9					45.1					45.9					45.0					45.3					50.2					45.7					43.4					48.1					45.7					44.8					45.4					45.1					45.0					43.9					45.8					45.6					44.5					44.5					47.8					45.3					48.5					45.0					
69.1					69.2					72.8					71.8					66.7					64.3					65.0					68.8					69.2					68.8					72.4					72.2					73.4					69.2					72.1					72.2					64.7					68.8					51.3					15.8					10.5					34.5					31.8					17.7					1000.0					53.3					30.5					59.2					66.1					59.0					66.5					66.2					58.8					59.4					66.8					58.7					66.0					58.8					59.8					66.5					59.2					58.8					59.3					59.1					59.2					58.8					66.2					58.5					59.0					57.7					66.3					59.1					58.6					58.4					66.8					58.6					58.3					58.9					58.3					58.3					58.6					60.0					58.8					66.4					58.8					58.9					55.2					55.9					56.0					54.7					54.0					55.3					54.9					54.2					55.4					55.3					54.6					53.0					55.1					55.9					55.1					55.4					60.3					55.7					53.5					58.2					55.8					54.8					55.4					55.1					55.1					53.9					55.9					55.7					54.5					54.5					57.9					55.3					58.5					55.1					
59.2					59.3					63.7					64.2					59.2					54.4					55.1					58.8					59.3					58.9					63.8					64.7					63.5					59.3					64.6					64.7					54.8					58.9					5.8					41.1					56.4					49.7					31.0					46.0					53.4					1000.0					25.6					51.7					52.9					51.5					53.3					53.0					51.3					51.8					52.2					51.2					52.8					51.3					52.3					52.1					51.7					51.3					51.8					51.6					51.7					51.2					53.0					50.9					51.4					50.2					53.0					51.6					51.1					50.8					53.5					51.0					50.7					51.4					50.8					50.8					51.0					52.5					51.3					53.2					51.2					51.4					42.0					42.8					42.8					41.5					40.8					42.1					41.7					41.1					42.2					42.2					41.4					39.8					42.0					42.8					41.9					42.2					47.1					42.6					40.3					45.0					42.6					41.7					42.3					42.0					41.9					40.8					42.7					42.5					40.5					41.4					44.7					42.2					45.4					41.9					
66.8					66.9					70.5					69.5					64.4					62.0					62.7					66.5					66.9					66.5					70.1					69.9					71.1					66.9					69.8					69.9					62.4					66.5					27.0					15.9					30.7					32.2					10.4					20.7					30.5					29.0					1000.0					56.9					58.1					56.7					58.5					58.2					56.5					57.1					57.4					56.4					58.0					56.5					57.5					57.3					56.9					56.5					57.0					56.8					56.9					56.5					58.3					56.2					56.7					55.5					58.3					56.8					56.3					56.1					58.8					56.3					56.0					56.6					56.0					56.0					56.3					57.7					56.5					58.4					56.5					56.6					52.9					53.6					53.7					52.4					51.7					53.0					52.6					52.0					53.1					53.0					52.3					50.7					52.8					53.6					52.8					53.1					58.0					53.4					51.2					55.9					53.5					52.5					53.1					52.8					52.8					51.6					53.6					53.4					52.3					52.2					55.6					53.0					56.2					52.8					
18.1					18.2					18.3					17.2					12.2					24.6					25.4					18.6					18.9					18.9					17.8					17.7					18.1					18.2					17.6					17.7					25.0					18.4					47.7					47.4					52.7					31.0					46.3					49.0					61.7					51.6					53.2					1000.0					1.6					0.6					0.9					1.8					1.5					0.6					0.6					0.9					3.1					0.6					0.6					1.4					1.2					0.6					0.6					0.4					1.0					1.0					1.7					1.2					1.8					1.6					1.3					0.9					0.9					1.0					0.9					1.3					0.7					0.7					0.9					0.7					1.4					4.3					1.1					1.3					1.1					0.9					29.3					30.0					34.6					28.8					28.1					29.4					29.0					28.4					29.5					29.5					28.7					27.1					29.2					30.0					29.2					31.1					29.9					29.8					27.6					32.2					34.2					29.0					29.6					29.3					29.2					28.0					34.4					34.3					28.7					28.7					32.0					29.5					32.6					29.2					
19.2					19.3					19.4					18.3					13.3					25.7					26.5					19.6					20.0					20.0					18.9					18.8					19.1					19.3					18.7					18.8					26.1					19.5					48.8					48.5					60.4					32.1					47.4					50.1					62.8					52.7					54.3					1.9					1000.0					3.1					0.9					1.0					1.6					1.7					1.2					2.8					0.9					2.9					1.6					1.4					1.4					2.9					1.5					1.4					3.3					2.9					0.2					2.6					1.4					2.7					0.6					3.2					2.7					3.4					1.1					2.7					3.0					3.0					3.2					3.0					1.8					3.7					2.9					0.7					2.9					1.6					30.4					31.1					35.7					29.9					29.2					30.5					30.1					29.5					30.6					30.6					29.8					28.2					30.3					31.1					30.3					32.2					31.0					30.9					28.7					33.3					35.3					30.0					30.6					30.3					30.3					29.1					35.5					35.4					29.8					29.7					33.1					30.6					33.7					30.3					
18.0					18.1					18.2					17.2					12.1					24.5					25.3					18.5					18.8					18.8					17.7					17.6					18.0					18.1					17.5					17.6					24.9					18.4					47.6					47.3					52.6					30.9					46.2					48.9					61.6					51.6					53.1					0.3					1.2					1000.0					0.7					1.5					1.3					0.4					0.7					0.8					2.1					0.5					0.7					1.2					1.0					0.5					0.4					0.1					0.9					0.9					1.4					1.1					1.7					1.5					1.1					0.8					0.8					0.9					0.7					1.2					0.6					0.6					0.8					0.6					1.3					4.2					1.2					1.0					1.0					0.4					29.2					30.0					34.5					28.7					28.0					29.3					28.9					28.3					29.4					29.4					28.6					27.0					29.1					30.0					29.1					31.0					29.8					29.7					27.5					32.1					34.1					28.9					29.5					29.2					29.1					28.0					34.3					34.2					28.6					28.6					31.9					29.4					32.5					29.1					
19.7					19.9					20.0					18.9					13.9					26.3					27.1					20.2					20.6					20.6					19.5					19.4					19.7					19.9					19.3					19.4					26.7					20.1					49.4					49.1					61.0					32.7					48.0					50.7					63.4					53.3					54.9					0.9					0.6					1.2					1000.0					0.9					0.9					0.6					0.3					1.3					1.5					1.1					0.7					0.5					0.5					1.1					0.5					0.7					1.4					1.1					0.8					1.7					2.0					3.2					0.4					1.4					1.1					1.5					0.4					1.8					1.2					1.2					1.4					1.2					2.4					4.3					1.0					0.4					1.5					0.9					31.0					31.7					36.3					30.5					29.8					31.1					30.7					30.1					31.2					31.1					30.4					28.8					30.9					31.7					30.9					32.8					31.6					31.5					29.3					33.9					35.9					30.6					31.2					30.9					30.9					29.7					36.1					36.0					30.4					30.3					33.7					31.1					34.3					30.9					
19.4					19.5					19.6					18.5					13.5					25.9					26.7					19.8					20.2					20.2					19.1					19.0					19.4					19.5					18.9					19.0					26.3					19.7					49.0					48.7					60.6					32.3					47.6					50.3					63.0					52.9					54.5					1.9					0.4					1.6					0.8					1000.0					1.0					1.4					1.1					3.0					0.2					1.5					1.5					0.4					0.5					1.5					1.3					1.1					1.8					1.4					0.6					2.8					1.6					2.9					0.6					1.8					1.5					1.9					0.8					2.9					1.6					1.6					1.8					1.6					2.0					3.9					1.4					0.7					3.1					1.4					30.6					31.3					35.9					30.1					29.4					30.7					30.3					29.7					30.8					30.8					30.0					28.4					30.5					31.3					30.5					32.4					31.2					31.1					28.9					33.5					35.5					30.2					30.8					30.6					30.5					29.3					35.7					35.6					30.0					29.9					33.3					30.8					33.9					30.5					
17.6					17.8					17.8					16.8					11.8					24.2					24.9					18.1					18.4					18.5					17.4					17.3					17.6					17.8					17.2					17.2					24.6					18.0					47.3					47.0					52.2					30.6					45.9					48.6					61.3					51.2					52.8					1.6					1.6					1.3					1.0					1.0					1000.0					0.9					1.2					1.1					0.8					1.2					2.4					0.9					0.5					1.2					0.9					0.6					1.5					0.5					1.8					0.8					1.3					1.1					1.8					1.5					0.6					1.6					0.5					0.9					1.3					1.2					1.4					1.3					0.9					3.9					0.3					1.9					1.1					0.5					28.9					29.6					34.2					28.4					27.7					29.0					28.6					27.9					29.1					29.0					28.3					26.7					28.8					29.6					28.8					30.6					29.4					29.4					27.2					31.8					33.8					28.5					29.1					28.8					28.8					27.6					34.0					33.9					28.2					28.2					31.6					29.0					32.2					28.7					
18.3					18.4					18.5					17.5					12.4					24.9					25.6					18.8					19.1					19.1					18.0					17.9					18.3					18.4					17.8					17.9					25.3					18.7					47.9					47.6					52.9					31.2					46.5					49.2					61.9					51.9					53.4					0.8					0.8					1.0					0.3					1.1					0.9					1000.0					0.3					1.1					1.7					0.8					0.6					0.8					0.6					0.8					0.3					0.5					1.2					0.8					1.0					1.4					2.0					1.8					0.7					1.1					0.8					1.3					0.3					1.5					0.9					0.9					1.1					0.9					1.6					4.5					0.8					0.6					1.3					0.7					29.5					30.3					34.8					29.0					28.3					29.6					29.2					28.6					29.7					29.7					28.9					27.3					29.5					30.3					29.4					31.3					30.1					30.1					27.8					32.4					34.4					29.2					29.8					29.5					29.4					28.3					34.6					34.5					28.9					28.9					32.2					29.7					32.8					29.4					
19.3					19.4					19.5					18.4					13.4					25.8					26.6					19.7					20.1					20.1					19.0					18.9					19.3					19.4					18.8					18.9					26.2					19.6					48.9					48.6					61.3					32.2					47.5					50.2					62.9					52.8					54.4					0.6					0.8					1.4					0.3					1.1					1.2					0.4					1000.0					1.5					1.7					1.3					0.5					0.8					0.8					1.3					0.4					0.9					1.6					1.3					1.0					3.4					2.3					3.5					0.7					2.4					1.3					2.4					0.5					3.5					1.4					1.4					1.6					1.4					2.7					4.5					1.2					0.6					1.7					1.1					30.5					31.2					35.8					30.0					29.3					30.6					30.2					29.6					30.7					30.7					29.9					28.3					30.4					31.2					30.4					32.3					31.1					31.0					28.8					33.4					35.4					30.1					30.8					30.5					30.4					29.2					35.6					35.5					29.9					29.8					33.2					30.7					33.8					30.4					
17.2					17.3					17.4					16.3					11.3					23.7					24.5					17.6					18.0					18.0					16.9					16.8					17.2					17.3					16.7					16.8					24.1					17.5					46.8					46.5					51.8					30.1					45.4					48.1					60.8					50.7					52.3					0.7					1.6					0.4					1.1					3.0					1.2					0.8					1.1					1000.0					2.8					0.3					1.5					1.6					1.6					0.3					0.8					0.6					0.6					0.6					1.8					0.5					1.4					1.2					3.0					0.6					0.6					0.7					1.1					0.5					0.4					0.4					0.4					0.4					1.0					4.0					0.7					1.5					0.4					0.5					28.4					29.1					33.7					27.9					27.2					28.5					28.1					27.5					28.6					28.6					27.8					26.2					28.3					29.1					28.3					30.2					29.0					28.9					26.7					31.3					33.3					28.0					28.6					28.4					28.3					27.1					33.5					33.4					27.8					27.7					31.1					28.6					31.7					28.3					
19.2					19.3					19.4					18.4					13.3					25.8					26.5					19.7					20.0					20.1					19.0					18.8					19.2					19.3					18.7					18.8					26.2					19.6					48.8					48.5					60.5					32.1					47.4					50.2					62.9					52.8					54.3					2.4					0.9					3.1					1.3					0.2					0.8					2.1					1.6					2.9					1000.0					3.0					2.0					0.6					0.6					3.0					2.0					1.9					3.3					1.2					1.1					2.6					1.5					2.7					1.1					3.3					1.3					3.4					0.9					2.7					3.1					3.0					3.2					3.1					1.9					3.7					1.3					1.2					2.9					1.2					30.4					31.2					35.8					30.0					29.2					30.5					30.1					29.5					30.6					30.6					29.8					28.2					30.4					31.2					30.3					32.2					31.0					31.0					28.7					33.4					35.3					30.1					30.7					30.4					30.3					29.2					35.5					35.4					29.8					29.8					33.1					30.6					33.7					30.3					
17.0					17.2					17.2					16.2					11.2					23.6					24.3					17.5					17.8					17.9					16.8					16.7					17.0					17.2					16.6					16.6					24.0					17.4					46.7					46.4					51.6					30.0					45.3					48.0					60.7					50.6					52.2					0.8					1.8					0.6					1.2					3.2					1.4					1.0					1.3					0.2					3.0					1000.0					1.6					1.7					1.8					1000.0					0.9					0.7					0.8					0.9					1.9					0.9					1.7					1.9					3.3					0.7					0.9					0.7					1.2					0.9					0.2					0.5					0.3					0.6					1.3					4.2					1.0					1.6					0.4					0.8					28.3					29.0					33.6					27.8					27.1					28.4					28.0					27.3					28.5					28.4					27.7					26.1					28.2					29.0					28.2					30.0					28.8					28.8					26.6					31.2					33.2					27.9					28.5					28.2					28.2					27.0					33.4					33.3					27.6					27.6					31.0					28.4					31.6					28.1					
18.0					18.2					18.2					17.2					12.1					24.6					25.3					18.5					18.8					18.9					17.8					17.6					18.0					18.1					17.5					17.6					25.0					18.4					47.6					47.4					52.6					30.9					46.3					49.0					61.7					51.6					53.2					0.6					1.4					1.2					0.7					1.6					1.4					0.5					0.5					1.5					2.2					1.2					1000.0					1.2					1.2					1.2					0.5					0.8					1.1					1.6					1.5					1.8					2.4					2.2					1.5					1.0					1.5					1.1					0.8					1.9					1.3					1.3					1.5					1.3					2.0					4.9					1.3					1.1					1.7					1.5					29.3					30.0					34.6					28.8					28.1					29.4					28.9					28.3					29.4					29.4					28.6					27.1					29.2					30.0					29.1					31.0					29.8					29.8					27.6					32.2					34.1					28.9					29.5					29.2					29.2					28.0					34.3					34.2					28.6					28.6					31.9					29.4					32.6					29.1					
18.3					18.4					18.5					17.5					12.4					24.9					25.6					18.8					19.1					19.1					18.0					17.9					18.3					18.4					17.8					17.9					25.3					18.7					47.9					47.6					52.9					31.2					46.5					49.2					61.9					51.9					53.4					1.5					0.6					1.3					0.5					0.4					0.7					1.0					0.8					1.4					0.6					1.1					1.7					1000.0					0.2					1.1					1.0					0.8					1.5					1.0					0.7					1.4					2.0					1.8					0.8					1.4					1.0					1.5					0.5					1.5					1.2					1.2					1.4					1.2					1.6					4.3					0.9					0.9					1.6					0.9					29.5					30.3					34.8					29.1					28.3					29.6					29.2					28.6					29.7					29.7					28.9					27.3					29.5					30.3					29.4					31.3					30.1					30.1					27.8					32.4					34.4					29.2					29.8					29.5					29.4					28.3					34.6					34.5					28.9					28.9					32.2					29.7					32.8					29.4					
18.0					18.2					18.2					17.2					12.2					24.6					25.3					18.5					18.8					18.9					17.8					17.7					18.0					18.2					17.6					17.6					25.0					18.4					47.7					47.4					52.6					31.0					46.3					49.0					61.7					51.6					53.2					1.6					0.9					1.3					0.6					0.8					0.5					1.1					0.8					1.5					0.6					1.2					1.2					0.2					1000.0					1.2					1.0					0.8					1.5					0.9					1.1					1.2					1.7					1.5					1.1					1.5					0.8					1.6					0.4					1.3					1.3					1.3					1.5					1.3					1.3					4.3					0.7					0.9					1.5					0.7					29.3					30.0					34.6					28.8					28.1					29.4					29.0					28.3					29.5					29.4					28.7					27.1					29.2					30.0					29.2					31.0					29.8					29.8					27.6					32.2					34.2					28.9					29.5					29.2					29.2					28.0					34.4					34.3					28.6					28.6					32.0					29.4					32.6					29.1					
17.0					17.2					17.2					16.2					11.2					23.6					24.3					17.5					17.8					17.9					16.8					16.7					17.0					17.2					16.6					16.6					24.0					17.4					46.7					46.4					51.6					30.0					45.3					48.0					60.7					50.6					52.2					0.8					1.8					0.6					1.2					3.2					1.4					1.0					1.3					0.2					3.0					1000.0					1.6					1.7					1.8					1000.0					0.9					0.7					0.8					0.9					1.9					0.9					1.7					1.9					3.3					0.7					0.9					0.7					1.2					0.9					0.2					0.5					0.3					0.6					1.3					4.2					1.0					1.6					0.4					0.8					28.3					29.0					33.6					27.8					27.1					28.4					28.0					27.3					28.5					28.4					27.7					26.1					28.2					29.0					28.2					30.0					28.8					28.8					26.6					31.2					33.2					27.9					28.5					28.2					28.2					27.0					33.4					33.3					27.6					27.6					31.0					28.4					31.6					28.1					
18.3					18.5					18.5					17.5					12.5					24.9					25.6					18.8					19.1					19.2					18.1					17.9					18.3					18.5					17.9					17.9					25.3					18.7					47.9					47.7					52.9					31.3					46.6					49.3					62.0					51.9					53.5					0.6					0.9					1.0					0.3					1.2					0.9					50000.0					0.4					1.1					1.7					0.9					0.5					0.8					0.6					0.9					1000.0					0.6					1.2					0.9					1.0					1.5					2.0					1.8					0.7					1.2					0.9					1.3					0.3					1.6					1.0					1.0					1.2					1.0					1.6					4.6					0.8					0.7					1.3					0.7					29.6					30.3					34.9					29.1					28.4					29.7					29.3					28.6					29.8					29.7					29.0					27.4					29.5					30.3					29.5					31.3					30.1					30.1					27.9					32.5					34.4					29.2					29.8					29.5					29.5					28.3					34.6					34.6					28.9					28.9					32.3					29.7					32.9					29.4					
18.5					18.7					18.7					17.7					12.6					25.1					25.8					19.0					19.3					19.4					18.3					18.1					18.5					18.6					18.0					18.1					25.5					18.9					48.1					47.9					53.1					31.4					46.8					49.5					62.2					52.1					53.7					0.8					1.1					1.2					0.5					1.4					1.1					0.2					0.6					1.3					1.9					1.1					0.7					1.0					0.8					1.1					0.2					1000.0					1.4					1.1					1.2					1.7					2.2					2.0					0.9					1.4					1.1					1.5					0.5					1.8					1.2					1.2					1.4					1.2					1.8					4.8					1.0					0.9					1.5					0.9					29.8					30.5					35.1					29.3					28.6					29.9					29.5					28.8					29.9					29.9					29.1					27.6					29.7					30.5					29.6					31.5					30.3					30.3					28.1					32.7					34.6					29.4					30.0					29.7					29.7					28.5					34.8					34.7					29.1					29.1					32.4					29.9					33.1					29.6					
17.2					17.4					17.5					16.4					11.4					23.8					24.6					17.7					18.0					18.1					17.0					16.9					17.2					17.4					16.8					16.8					24.2					17.6					46.9					46.6					51.8					30.2					45.5					48.2					60.9					50.8					52.4					1.0					2.8					0.8					1.4					3.4					1.6					1.1					1.5					1.0					3.2					0.8					1.2					3.5					2.0					0.8					1.1					0.9					1000.0					1.1					3.0					1.2					1.9					1.7					2.9					0.3					1.1					0.1					1.4					1.1					0.1					0.2					0.5					0.1					1.5					4.4					1.2					3.1					0.9					1.0					28.5					29.2					33.8					28.0					27.3					28.6					28.2					27.6					28.7					28.6					27.9					26.3					28.4					29.2					28.4					30.3					29.1					29.0					26.8					31.4					33.4					28.1					28.7					28.4					28.4					27.2					33.6					33.5					27.9					27.8					31.2					28.6					31.8					28.4					
17.6					17.8					17.9					16.8					11.8					24.2					25.0					18.1					18.4					18.5					17.4					17.3					17.6					17.8					17.2					17.2					24.6					18.0					47.3					47.0					52.2					30.6					45.9					48.6					61.3					51.2					52.8					1.2					2.8					1.0					1.1					1.4					0.5					0.9					1.2					0.7					1.2					1.0					1.3					1.0					0.8					1.0					0.8					0.6					1.2					1000.0					2.9					0.8					1.4					1.1					3.0					1.1					0.1					1.2					0.7					0.9					0.9					0.9					1.3					0.9					0.9					3.9					0.3					3.1					1.1					0.2					28.9					29.6					34.2					28.4					27.7					29.0					28.6					28.0					29.1					29.0					28.3					26.7					28.8					29.6					28.8					30.7					29.5					29.4					27.2					31.8					33.8					28.5					29.1					28.8					28.8					27.6					34.0					33.9					28.3					28.2					31.6					29.0					32.2					28.8					
19.1					19.2					19.3					18.3					13.2					25.7					26.4					19.6					19.9					20.0					18.9					18.7					19.1					19.2					18.6					18.7					26.1					19.5					48.7					48.4					60.4					32.0					47.3					50.1					62.8					52.7					54.2					3.3					0.9					3.0					1.3					1.0					1.5					3.4					1.6					2.8					0.8					2.9					2.0					1.3					1.4					2.9					2.0					3.2					3.2					2.8					1000.0					2.5					1.4					2.6					1.1					3.2					2.6					3.3					1.5					2.6					3.0					3.0					3.2					3.0					1.8					3.6					2.9					1.2					2.8					2.9					30.3					31.1					35.7					29.9					29.1					30.4					30.0					29.4					30.5					30.5					29.7					28.1					30.3					31.1					30.2					32.1					30.9					30.9					28.6					33.3					35.2					30.0					30.6					30.3					30.2					29.1					35.4					35.3					29.7					29.7					33.0					30.5					33.6					30.2					
17.4					17.5					17.6					16.5					11.5					23.9					24.7					17.8					18.2					18.2					17.1					17.0					17.3					17.5					16.9					17.0					24.3					17.7					47.0					46.7					52.0					30.3					45.6					48.3					61.0					50.9					52.5					1.3					2.5					1.0					2.9					2.6					0.8					1.4					1.7					0.8					2.4					0.9					2.1					1.6					1.2					0.9					1.4					1.2					1.2					0.8					2.6					1000.0					1.1					0.9					2.7					1.1					0.6					1.3					1.3					79000.0					1.0					0.9					1.1					1.0					0.7					3.6					0.8					2.8					0.3					0.9					28.6					29.3					33.9					28.1					27.4					28.7					28.3					27.7					28.8					28.8					28.0					26.4					28.5					29.3					28.5					30.4					29.2					29.1					26.9					31.5					33.5					28.2					28.8					28.5					28.5					27.3					33.7					33.6					28.0					27.9					31.3					28.8					31.9					28.5					
17.7					17.9					17.9					16.9					11.9					24.3					25.0					18.2					18.5					18.6					17.5					17.3					17.7					17.8					17.2					17.3					24.7					18.1					47.3					47.1					52.3					30.6					46.0					48.7					61.4					51.3					52.9					1.9					1.4					1.7					1.9					1.5					1.5					2.0					2.1					1.4					1.3					1.5					2.6					1.8					1.9					1.5					2.0					1.8					1.9					1.4					1.6					1.1					1000.0					1.2					1.6					1.8					1.3					1.9					2.1					1.2					1.6					1.6					1.8					1.6					0.4					2.5					1.5					1.7					1.4					1.6					29.0					29.7					34.3					28.5					27.8					29.1					28.7					28.0					29.2					29.1					28.3					26.8					28.9					29.7					28.8					30.7					29.5					29.5					27.3					31.9					33.8					28.6					29.2					28.9					28.9					27.7					34.0					34.0					28.3					28.3					31.6					29.1					32.3					28.8					
16.5					16.6					16.7					15.7					10.6					23.1					23.8					17.0					17.3					17.4					16.3					16.1					16.5					16.6					16.0					16.1					23.5					16.9					46.1					45.9					51.1					29.4					44.8					47.5					60.2					50.1					51.7					1.5					2.6					1.2					3.1					2.7					1.0					1.6					1.9					1.0					2.6					1.1					2.3					1.8					1.4					1.1					1.6					1.4					1.4					1.0					2.8					0.7					1.2					1000.0					2.8					1.4					0.8					1.5					3.3					0.8					1.2					1.2					1.4					1.2					0.8					2.3					1.1					3.0					1.0					1.1					27.7					28.5					33.1					27.3					26.6					27.9					27.4					26.8					27.9					27.9					27.1					25.6					27.7					28.5					27.6					29.5					28.3					28.3					26.0					30.7					32.6					27.4					28.0					27.7					27.6					26.5					32.8					32.7					27.1					27.1					30.4					27.9					31.1					27.6					
19.2					19.4					19.4					18.4					13.3					25.8					26.5					19.7					20.0					20.1					19.0					18.8					19.2					19.3					18.7					18.8					26.2					19.6					48.8					48.6					60.8					32.1					47.5					50.2					62.9					52.8					54.4					1.3					0.4					2.6					0.7					1.4					2.0					1.0					0.6					3.3					1.3					2.6					1.0					1.1					1.2					2.6					0.9					2.7					2.5					2.9					0.6					3.0					1.8					3.1					1000.0					2.4					3.1					2.4					1.0					3.1					2.7					2.7					2.9					2.7					2.3					4.1					1.6					0.7					3.0					1.5					30.5					31.2					35.8					30.0					29.3					30.6					30.2					29.5					30.6					30.6					29.8					28.3					30.4					31.2					30.3					32.2					31.0					31.0					28.8					33.4					35.3					30.1					30.7					30.4					30.4					29.2					35.5					35.4					29.8					29.8					33.1					30.6					33.8					30.3					
17.6					17.8					17.8					16.8					11.8					24.2					24.9					18.1					18.4					18.5					17.4					17.3					17.6					17.8					17.2					17.2					24.6					18.0					47.3					47.0					52.2					30.6					45.9					48.6					61.3					51.2					52.8					1.0					2.7					0.6					1.3					3.7					1.5					1.0					1.4					0.9					3.5					0.6					1.0					3.4					1.9					0.6					1.0					0.8					0.3					1.0					2.9					1.2					1.7					1.5					2.8					1000.0					0.9					0.3					1.3					1.3					0.5					0.5					0.6					0.5					1.3					4.3					1.0					2.9					1.0					0.8					28.9					29.6					34.2					28.4					27.7					29.0					28.6					27.9					29.1					29.0					28.3					26.7					28.8					29.6					28.8					30.6					29.4					29.4					27.2					31.8					33.8					28.5					29.1					28.8					28.8					27.6					34.0					33.9					28.2					28.2					31.6					29.0					32.2					28.7					
17.5					17.6					17.7					16.6					11.6					24.0					24.8					17.9					18.3					18.3					17.2					17.1					17.4					17.6					17.0					17.1					24.4					17.8					47.1					46.8					52.1					30.4					45.7					48.4					61.1					51.0					52.6					1.4					2.6					1.1					1.1					1.5					0.6					0.9					1.2					0.9					1.3					1.0					2.2					1.0					0.8					1.0					0.8					0.6					1.3					0.1					2.7					0.6					1.2					1.0					2.8					1.3					1000.0					1.4					0.7					0.7					1.1					1.1					1.3					1.1					0.7					3.7					0.3					2.9					0.9					0.2					28.7					29.4					34.0					28.2					27.5					28.8					28.4					27.8					28.9					28.9					28.1					26.5					28.6					29.4					28.6					30.5					29.3					29.2					27.0					31.6					33.6					28.3					28.9					28.6					28.6					27.4					33.8					33.7					28.1					28.0					31.4					28.9					32.0					28.6					
17.2					17.3					17.4					16.3					11.3					23.7					24.5					17.6					18.0					18.0					16.9					16.8					17.2					17.3					16.7					16.8					24.1					17.5					46.8					46.5					51.8					30.1					45.4					48.1					60.8					50.7					52.3					0.9					2.9					0.7					1.3					3.3					1.6					1.1					1.4					0.9					3.1					0.7					1.3					1.8					1.9					0.7					1.0					0.8					0.1					1.0					3.1					1.1					1.8					1.6					3.0					0.3					1.0					1000.0					1.3					1.0					0.2					0.2					0.4					0.2					1.4					4.3					1.1					3.2					0.8					0.9					28.4					29.1					33.7					27.9					27.2					28.5					28.1					27.5					28.6					28.6					27.8					26.2					28.3					29.1					28.3					30.2					29.0					28.9					26.7					31.3					33.3					28.0					28.6					28.4					28.3					27.1					33.5					33.4					27.8					27.7					31.1					28.6					31.7					28.3					
18.3					18.5					18.5					17.5					12.5					24.9					25.6					18.8					19.1					19.2					18.1					18.0					18.3					18.5					17.9					17.9					25.3					18.7					48.0					47.7					52.9					31.3					46.6					49.3					62.0					51.9					53.5					1.3					1.0					1.1					0.7					1.0					0.5					0.8					0.9					1.2					0.9					0.9					1.2					0.5					0.4					0.9					0.7					0.5					1.3					0.7					1.2					1.5					2.0					1.8					1.2					1.2					0.7					1.3					1000.0					1.6					1.0					1.0					1.2					1.0					1.6					4.6					0.6					1.0					1.3					0.6					29.6					30.3					34.9					29.1					28.4					29.7					29.3					28.6					29.8					29.7					29.0					27.4					29.5					30.3					29.5					31.3					30.1					30.1					27.9					32.5					34.5					29.2					29.8					29.5					29.5					28.3					34.7					34.6					28.9					28.9					32.3					29.7					32.9					29.4					
17.4					17.6					17.6					16.6					11.6					24.0					24.7					17.9					18.2					18.3					17.2					17.1					17.4					17.6					17.0					17.0					24.4					17.8					47.1					46.8					52.0					30.4					45.7					48.4					61.1					51.0					52.6					1.3					2.6					1.1					3.0					2.7					0.9					1.5					1.8					0.8					2.5					0.9					2.1					1.7					1.3					0.9					1.4					1.2					1.3					0.9					2.7					79000.0					1.1					0.9					2.7					1.2					0.7					1.3					1.4					1000.0					1.0					1.0					1.2					1.0					0.7					3.7					0.9					2.9					0.3					1.0					28.7					29.4					34.0					28.2					27.5					28.8					28.4					27.7					28.9					28.8					28.1					26.5					28.6					29.4					28.6					30.4					29.2					29.2					27.0					31.6					33.6					28.3					28.9					28.6					28.6					27.4					33.8					33.7					28.0					28.0					31.4					28.8					32.0					28.5					
17.8					17.9					18.0					17.0					11.9					24.4					25.1					18.3					18.6					18.6					17.5					17.4					17.8					17.9					17.3					17.4					24.7					18.2					47.4					47.1					52.4					30.7					46.0					48.7					61.4					51.4					52.9					0.6					1.5					0.3					1.0					3.0					1.2					0.7					1.0					0.6					2.8					0.3					1.4					1.5					1.6					0.3					0.7					0.5					0.1					0.7					1.7					0.9					1.5					1.3					3.1					0.5					0.6					0.2					1.0					1.0					1000.0					0.1					60000.0					1000.0					1.1					4.0					0.8					1.4					0.8					0.6					29.0					29.8					34.3					28.5					27.8					29.1					28.7					28.1					29.2					29.2					28.4					26.8					29.0					29.8					28.9					30.8					29.6					29.5					27.3					31.9					33.9					28.7					29.3					29.0					28.9					27.8					34.1					34.0					28.4					28.4					31.7					29.2					32.3					28.9					
17.2					17.4					17.5					16.4					11.4					23.8					24.6					17.7					18.1					18.1					17.0					16.9					17.2					17.4					16.8					16.9					24.2					17.6					46.9					46.6					51.9					30.2					45.5					48.2					60.9					50.8					52.4					0.8					3.0					0.5					1.2					3.2					1.4					0.9					1.7					0.8					3.0					0.5					1.3					1.7					1.8					0.5					0.9					0.7					0.2					0.9					3.2					1.1					1.7					1.5					3.1					0.4					0.8					0.2					1.2					1.1					0.1					1000.0					0.5					0.2					1.3					4.2					1.0					3.2					0.9					0.8					28.5					29.2					33.8					28.0					27.3					28.6					28.2					27.6					28.7					28.7					27.9					26.3					28.4					29.2					28.4					30.3					29.1					29.0					26.8					31.4					33.4					28.1					28.7					28.4					28.4					27.2					33.6					33.5					27.9					27.8					31.2					28.6					31.8					28.4					
17.7					17.9					17.9					16.9					11.8					24.3					25.0					18.2					18.5					18.6					17.5					17.3					17.7					17.8					17.2					17.3					24.7					18.1					47.3					47.1					52.3					30.6					46.0					48.7					61.4					51.3					52.9					0.5					1.5					0.3					1.0					2.9					1.2					0.7					1.0					0.5					2.8					0.3					1.3					1.4					1.6					0.3					0.6					0.4					0.5					0.6					1.7					0.9					1.4					1.2					3.0					0.4					0.6					0.5					0.9					1.0					0.2					0.2					1000.0					0.2					1.0					3.9					0.7					1.3					0.7					0.5					29.0					29.7					34.3					28.5					27.8					29.1					28.6					28.0					29.1					29.1					28.3					26.8					28.9					29.7					28.8					30.7					29.5					29.5					27.3					31.9					33.8					28.6					29.2					28.9					28.9					27.7					34.0					33.9					28.3					28.3					31.6					29.1					32.3					28.8					
17.1					17.2					17.3					16.3					11.2					23.7					24.4					17.6					17.9					18.0					16.9					16.7					17.1					17.2					16.6					16.7					24.1					17.5					46.7					46.4					51.7					30.0					45.3					48.1					60.8					50.7					52.2					0.9					3.0					0.6					1.3					3.3					1.5					1.0					1.3					0.8					3.1					0.6					1.4					1.8					1.9					0.6					1.0					0.8					0.1					0.9					3.2					1.0					1.7					1.5					3.3					0.4					0.9					0.2					1.3					0.9					1000.0					0.2					0.3					1000.0					1.3					4.3					1.0					1.6					0.8					0.8					28.3					29.1					33.7					27.9					27.1					28.4					28.0					27.4					28.5					28.5					27.7					26.1					28.3					29.1					28.2					30.1					28.9					28.9					26.6					31.3					33.2					28.0					28.6					28.3					28.2					27.1					33.4					33.3					27.7					27.7					31.0					28.5					31.6					28.2					
17.3					17.5					17.5					16.5					11.4					23.9					24.6					17.8					18.1					18.2					17.1					16.9					17.3					17.4					16.8					16.9					24.3					17.7					46.9					46.7					51.9					30.2					45.6					48.3					61.0					50.9					52.5					1.5					1.8					1.2					2.3					1.9					1.0					1.6					2.6					1.0					1.8					1.1					3.0					2.3					1.4					1.1					1.6					1.4					1.4					1.0					2.0					0.7					0.4					0.8					2.0					1.4					0.9					1.5					2.5					0.8					1.2					1.2					1.4					1.2					1000.0					2.9					1.1					2.1					1.0					1.1					28.5					29.3					33.9					28.1					27.4					28.7					28.2					27.6					28.7					28.7					27.9					26.4					28.5					29.3					28.4					30.3					29.1					29.1					26.9					31.5					33.4					28.2					28.8					28.5					28.5					27.3					33.6					33.5					27.9					27.9					31.2					28.7					31.9					28.4					
18.8					18.9					19.0					17.9					12.9					25.3					26.1					19.2					19.6					19.6					18.5					18.4					18.8					18.9					18.3					18.4					25.7					19.1					48.4					48.1					53.4					31.7					47.0					49.7					62.4					52.3					53.9					4.4					3.7					4.2					4.2					3.8					4.0					4.5					4.4					3.9					3.6					4.0					4.9					4.1					4.4					4.0					4.5					4.3					4.4					3.9					3.9					3.6					2.5					3.7					3.9					4.3					3.8					4.4					4.4					3.7					4.1					4.1					4.3					4.1					2.9					1000.0					4.0					4.0					3.9					4.1					30.0					30.7					35.3					29.5					28.8					30.1					29.7					29.1					30.2					30.2					29.4					27.8					29.9					30.7					29.9					31.8					30.6					30.5					28.3					32.9					34.9					29.7					30.3					30.0					29.9					28.7					35.1					35.0					29.4					29.4					32.7					30.2					33.3					29.9					
17.7					17.8					17.9					16.9					11.8					24.3					25.0					18.2					18.5					18.5					17.4					17.3					17.7					17.8					17.2					17.3					24.6					18.1					47.3					47.0					52.3					30.6					45.9					48.6					61.3					51.3					52.8					1.3					2.8					1.1					1.1					1.4					0.3					0.8					1.1					1.1					1.3					0.9					1.2					0.9					0.7					0.9					0.8					0.6					1.3					0.3					3.0					0.8					1.4					1.2					3.0					1.2					0.3					1.3					0.6					0.9					1.0					1.0					1.2					1.0					1.0					3.9					1000.0					3.1					1.1					0.3					28.9					29.7					34.2					28.4					27.7					29.0					28.6					28.0					29.1					29.1					28.3					26.7					28.9					29.7					28.8					30.7					29.5					29.4					27.2					31.8					33.8					28.6					29.2					28.9					28.8					27.7					34.0					33.9					28.3					28.3					31.6					29.1					32.2					28.8					
18.5					18.6					18.7					17.7					12.6					25.0					25.8					19.0					19.3					19.3					18.2					18.1					18.5					18.6					18.0					18.1					25.4					18.8					48.1					47.8					53.1					31.4					46.7					49.4					62.1					52.1					53.6					1.0					0.7					1.2					0.1					0.8					0.9					0.9					0.4					1.3					0.9					1.0					0.8					0.5					0.5					1.0					0.9					0.7					1.4					1.0					0.9					1.6					2.2					2.0					0.6					1.3					1.0					1.4					0.4					1.7					1.1					1.1					1.3					1.1					1.8					4.4					1.0					1000.0					1.5					0.8					29.7					30.5					35.0					29.2					28.5					29.8					29.4					28.8					29.9					29.9					29.1					27.5					29.6					30.5					29.6					31.5					30.3					30.2					28.0					32.6					34.6					29.4					30.0					29.7					29.6					28.5					34.8					34.7					29.1					29.1					32.4					29.9					33.0					29.6					
17.6					17.8					17.9					16.8					11.8					24.2					24.9					18.1					18.4					18.5					17.4					17.3					17.6					17.8					17.2					17.2					24.6					18.0					47.3					47.0					52.2					30.6					45.9					48.6					61.3					51.2					52.8					1.0					2.8					0.8					1.5					2.9					1.1					1.2					1.5					0.4					2.7					0.7					1.9					1.9					1.5					0.7					1.1					0.9					1.0					1.1					2.9					0.3					1.3					1.1					2.9					1.0					0.9					1.1					1.4					0.3					0.4					0.8					0.5					0.8					0.9					3.9					1.1					3.1					1000.0					0.7					28.9					29.6					34.2					28.4					27.7					29.0					28.6					28.0					29.1					29.0					28.3					26.7					28.8					29.6					28.8					30.7					29.5					29.4					27.2					31.8					33.8					28.5					29.1					28.8					28.8					27.6					34.0					33.9					28.2					28.2					31.6					29.0					32.2					28.8					
17.6					17.8					17.8					16.8					11.8					24.2					24.9					18.1					18.4					18.5					17.4					17.2					17.6					17.8					17.2					17.2					24.6					18.0					47.2					47.0					52.2					30.6					45.9					48.6					61.3					51.2					52.8					0.9					2.8					0.7					1.0					1.3					0.5					0.7					1.0					0.7					1.2					0.5					1.1					0.9					0.7					0.5					0.6					0.4					0.9					0.2					2.9					0.8					1.3					1.1					2.9					0.8					0.2					0.9					0.5					0.9					0.6					0.6					0.8					0.6					0.9					3.9					0.3					3.1					1.1					1000.0					28.9					29.6					34.2					28.4					27.7					29.0					28.6					27.9					29.1					29.0					28.3					26.7					28.8					29.6					28.8					30.6					29.4					29.4					27.2					31.8					33.8					28.5					29.1					28.8					28.8					27.6					33.9					33.9					28.2					28.2					31.6					29.0					32.2					28.7					
18.0					18.1					22.5					23.5					31.0					13.2					13.9					17.7					18.1					17.7					22.6					23.9					22.3					18.1					23.9					23.9					13.6					17.7					37.3					42.8					48.1					26.4					41.8					44.5					57.2					41.3					48.6					28.5					29.6					28.2					30.0					29.7					28.0					28.6					28.9					28.0					29.5					28.1					29.0					28.8					28.4					28.1					28.6					28.4					28.4					28.0					29.8					27.7					28.2					27.0					29.8					28.3					27.8					27.6					30.3					27.8					27.5					28.1					27.5					27.5					27.8					29.2					28.0					29.9					28.0					28.1					1000.0					0.7					1.9					0.6					2.9					0.4					1.2					0.6					0.7					1.2					1.0					1.7					0.2					0.7					0.5					4.3					4.0					1.6					1.3					7.0					1.5					0.9					1.3					1.4					1.4					1.4					1.7					1.4					1.2					0.3					6.8					0.6					3.3					1.7					
17.0					17.1					21.6					22.5					30.0					12.2					12.9					16.7					17.1					16.7					21.7					23.0					21.3					17.1					22.9					23.0					12.6					16.7					38.0					43.6					48.8					27.1					42.5					45.2					57.9					42.0					49.4					29.2					30.3					28.9					30.8					30.4					28.7					29.3					29.6					28.7					30.2					28.8					29.7					29.5					29.1					28.8					29.3					29.1					29.1					28.7					30.5					28.4					28.9					27.7					30.5					29.1					28.5					28.3					31.0					28.5					28.2					28.9					28.2					28.2					28.5					29.9					28.8					30.6					28.7					28.8					0.7					1000.0					1.5					1.3					3.6					0.3					1.1					1.2					0.6					1.1					0.9					2.4					0.5					47000.0					0.3					5.0					3.1					1.3					1.8					4.0					0.8					1.4					1.1					1.4					1.4					2.1					1.2					0.7					1.7					1.2					3.8					0.6					2.4					1.7					
17.1					17.1					21.6					22.6					30.0					12.2					13.0					16.7					17.2					16.7					21.7					23.0					21.4					17.1					22.9					23.0					12.6					16.8					39.6					45.1					50.4					28.7					44.0					46.7					59.4					43.5					50.9					30.7					31.9					30.5					32.3					32.0					30.3					30.9					31.2					30.2					31.8					30.3					31.3					31.1					30.7					30.3					30.8					30.6					30.7					30.3					32.1					30.0					30.5					29.2					32.1					30.6					30.1					29.9					32.6					30.1					29.8					30.4					29.8					29.8					30.1					31.5					30.3					32.2					30.3					30.4					2.2					1.9					1000.0					2.9					8.2					1.9					1.8					2.8					2.2					1.0					2.0					3.9					2.1					1.9					1.7					6.2					3.2					0.6					3.4					4.1					1.0					3.0					0.9					1.8					2.1					3.4					1.0					1.1					3.2					2.7					3.8					2.2					2.5					2.4					
19.5					19.5					24.0					25.0					32.4					14.6					15.4					19.1					19.5					19.1					24.1					25.4					23.7					19.5					25.3					25.4					15.0					19.2					37.0					42.6					47.8					26.1					41.5					44.2					56.9					41.0					48.4					28.2					29.3					27.9					29.8					29.4					27.7					28.3					28.6					27.7					29.3					27.8					28.8					28.5					28.1					27.8					28.3					28.1					28.1					27.7					29.5					27.4					27.9					26.7					29.5					28.1					27.5					27.3					30.0					27.5					27.2					27.9					27.3					27.2					27.5					29.0					27.8					29.6					27.7					27.8					0.7					1.4					2.4					1000.0					4.3					1.1					1.3					0.2					1.1					1.8					1.1					1.4					0.8					1.3					1.1					5.7					4.6					2.1					1.9					5.5					2.2					1.4					1.8					1.6					1.6					1.8					2.3					2.1					2.0					0.4					5.2					1.1					3.9					1.9					
16.2					16.3					20.8					21.7					29.2					11.4					12.1					15.9					16.3					15.9					20.9					22.2					20.5					16.3					22.1					22.2					11.8					15.9					36.7					42.3					47.5					25.9					41.2					43.9					56.6					40.7					48.1					27.9					29.1					27.6					29.5					29.2					27.4					28.0					28.3					27.4					29.0					27.5					28.5					28.3					27.8					27.5					28.0					27.8					27.8					27.4					29.2					27.1					27.6					26.4					29.2					27.8					27.3					27.0					29.7					27.2					26.9					27.6					27.0					27.0					27.2					28.7					27.5					29.4					27.4					27.6					2.9					3.6					7.6					3.3					1000.0					3.0					4.0					3.2					3.1					4.1					3.8					3.2					2.8					3.6					3.3					2.5					7.4					7.6					2.4					5.3					7.2					2.5					7.6					4.3					5.3					1.6					7.4					4.1					2.2					3.0					5.0					3.0					5.6					5.3					
18.1					18.2					22.7					23.6					31.1					13.3					14.0					17.8					18.2					17.8					22.8					24.1					22.4					18.2					24.0					24.0					13.7					17.8					38.0					43.6					48.8					27.2					42.5					45.2					57.9					42.0					49.4					29.2					30.4					28.9					30.8					30.5					28.8					29.3					29.6					28.7					30.3					28.8					29.8					29.6					29.1					28.8					29.3					29.1					29.2					28.7					30.5					28.4					28.9					27.7					30.5					29.1					28.6					28.3					31.0					28.5					28.2					28.9					28.3					28.3					28.5					30.0					28.8					30.7					28.7					28.9					0.4					0.4					1.7					1.1					3.0					1000.0					1.1					1.0					0.6					1.1					0.9					2.1					0.2					0.3					0.3					4.4					3.4					1.4					1.5					4.4					1.1					1.4					1.2					1.3					1.3					1.5					1.6					1.0					1.3					0.7					4.1					0.6					2.7					1.6					
18.0					18.1					22.5					23.5					31.0					13.2					13.9					17.6					18.1					17.7					22.6					23.9					22.3					18.1					23.8					23.9					13.6					17.7					37.8					43.3					48.6					26.9					42.2					45.0					57.7					41.8					49.1					28.9					30.1					28.7					30.5					30.2					28.5					29.1					29.4					28.4					30.0					28.5					29.5					29.3					28.9					28.5					29.0					28.8					28.9					28.5					30.3					28.2					28.7					27.5					30.3					28.8					28.3					28.1					30.8					28.3					28.0					28.6					28.0					28.0					28.3					29.7					28.5					30.4					28.5					28.6					1.0					0.9					1.5					1.1					3.8					0.8					1000.0					1.0					1.4					0.9					0.2					2.1					1.0					0.8					0.6					5.2					3.7					1.3					2.3					4.6					1.4					1.9					1.0					0.5					0.5					2.3					1.4					1.2					2.2					0.9					4.4					1.5					3.0					0.8					
19.3					19.3					23.8					24.8					32.2					14.4					15.2					18.9					19.4					18.9					23.9					25.2					23.5					19.3					25.1					25.2					14.8					19.0					36.8					42.4					47.6					26.0					41.3					44.0					56.7					40.8					48.2					28.0					29.1					27.7					29.6					29.2					27.5					28.1					28.4					27.5					29.1					27.6					28.6					28.3					27.9					27.6					28.1					27.9					27.9					27.5					29.3					27.2					27.7					26.5					29.3					27.9					27.3					27.1					29.8					27.3					27.0					27.7					27.1					27.0					27.3					28.8					27.6					29.4					27.5					27.6					0.6					1.3					2.3					0.2					4.1					1.0					1.2					1000.0					1.0					1.7					1.0					1.2					0.7					1.2					1.0					5.5					4.5					2.0					1.7					5.4					2.1					1.3					1.7					1.5					1.5					1.7					2.2					2.0					1.8					0.3					5.1					1.0					3.8					1.8					
18.2					18.3					22.7					23.7					31.2					13.4					14.1					17.8					18.3					17.9					22.8					24.1					22.5					18.3					24.0					24.1					13.8					17.9					38.1					43.7					48.9					27.2					42.6					45.3					58.0					42.1					49.5					29.3					30.4					29.0					30.9					30.5					28.8					29.4					29.7					28.8					30.3					28.9					29.8					29.6					29.2					28.9					29.4					29.2					29.2					28.8					30.6					28.5					29.0					27.8					30.6					29.2					28.6					28.4					31.1					28.6					28.3					28.9					28.3					28.3					28.6					30.0					28.9					30.7					28.8					28.9					0.7					0.6					1.8					1.1					3.1					0.6					1.6					1.0					1000.0					1.5					1.5					2.1					0.5					0.6					0.9					4.5					3.5					1.7					2.4					4.5					1.2					0.8					1.6					1.9					1.9					1.6					1.6					1.1					2.2					0.8					4.2					23000.0					2.8					2.2					
16.7					16.8					21.3					22.2					29.7					11.9					12.6					16.4					16.8					16.4					21.4					22.7					21.0					16.8					22.6					22.7					12.3					16.4					38.5					44.1					49.3					27.6					43.0					45.7					58.4					42.5					49.9					29.7					30.8					29.4					31.3					30.9					29.2					29.8					30.1					29.2					30.7					29.3					30.2					30.0					29.6					29.3					29.8					29.6					29.6					29.2					31.0					28.9					29.4					28.2					31.0					29.5					29.0					28.8					31.5					29.0					28.7					29.3					28.7					28.7					29.0					30.4					29.3					31.1					29.2					29.3					1.2					0.9					0.6					1.8					3.9					0.9					0.8					1.7					1.4					1000.0					0.9					2.9					1.1					0.9					0.7					5.9					2.8					0.4					2.3					3.7					0.7					2.2					89000.0					0.8					1.1					2.4					0.5					0.8					2.2					1.6					3.5					1.4					2.1					1.4					
18.1					18.2					22.6					23.6					31.1					13.3					14.0					17.7					18.2					17.8					22.7					24.0					22.4					18.2					23.9					24.0					13.7					17.8					38.3					43.8					49.1					27.4					42.7					45.4					58.1					42.2					49.6					29.4					30.6					29.2					31.0					30.7					29.0					29.6					29.9					28.9					30.5					29.0					30.0					29.8					29.4					29.0					29.5					29.3					29.4					28.9					30.7					28.6					29.2					27.9					30.8					29.3					28.8					28.5					31.2					28.7					28.4					29.1					28.5					28.5					28.7					30.2					29.0					30.9					28.9					29.1					1.1					1.0					1.7					1.2					3.9					0.9					0.3					1.1					1.5					1.0					1000.0					2.6					1.1					0.9					0.7					5.3					3.8					1.5					3.1					4.7					1.5					2.0					1.1					0.6					0.6					2.4					1.5					1.3					2.3					1.0					4.5					1.6					3.1					0.9					
18.1					18.1					22.6					23.6					31.1					13.2					14.0					17.7					18.2					17.7					22.7					24.0					22.4					18.2					23.9					24.0					13.6					17.8					35.6					41.2					46.4					24.8					40.1					42.8					55.5					39.6					47.0					26.8					28.0					26.5					28.4					28.1					26.3					26.9					27.2					26.3					27.9					26.4					27.4					27.2					26.7					26.4					26.9					26.7					26.7					26.3					28.1					26.0					26.5					25.3					28.1					26.7					26.2					25.9					28.6					26.1					25.8					26.5					25.9					25.9					26.1					27.6					26.4					28.3					26.3					26.4					2.1					2.6					3.3					2.0					2.9					2.4					2.2					1.6					2.9					2.7					1.9					1000.0					2.2					2.6					2.4					4.3					9.2					3.1					0.9					7.1					3.1					2.4					2.8					2.5					2.4					1.3					3.2					3.0					1.1					1.9					6.9					2.9					7.5					2.4					
18.0					18.0					22.5					23.4					30.9					13.1					13.8					17.6					18.0					17.6					22.6					23.9					22.2					18.0					23.8					23.9					13.5					17.6					37.9					43.4					48.7					27.0					42.3					45.0					57.7					41.8					49.2					29.0					30.2					28.8					30.6					30.3					28.6					29.2					29.5					28.5					30.1					28.6					29.6					29.4					29.0					28.6					29.1					28.9					29.0					28.6					30.3					28.3					28.8					27.5					30.4					28.9					28.4					28.1					30.8					28.3					28.0					28.7					28.1					28.1					28.3					29.8					28.6					30.5					28.5					28.7					0.2					0.5					1.9					0.8					2.8					0.2					1.2					0.7					0.5					1.3					1.0					1.8					1000.0					0.5					0.5					4.2					3.6					1.6					1.3					4.5					1.3					0.9					1.4					1.5					1.5					1.3					1.8					1.2					1.2					0.5					4.3					0.5					2.9					1.8					
17.1					17.1					21.6					22.5					30.0					12.2					12.9					16.7					17.1					16.7					21.7					23.0					21.3					17.1					22.9					23.0					12.6					16.7					38.0					43.5					48.8					27.1					42.4					45.1					57.8					41.9					49.3					29.1					30.3					28.9					30.7					30.4					28.7					29.3					29.6					28.6					30.2					28.7					29.7					29.5					29.1					28.7					29.2					29.0					29.1					28.7					30.4					28.4					28.9					27.6					30.5					29.0					28.5					28.3					30.9					28.4					28.1					28.8					28.2					28.2					28.5					29.9					28.7					30.6					28.6					28.8					0.7					47000.0					1.5					1.3					3.6					0.3					1.1					1.2					0.6					1.2					0.9					2.3					0.5					1000.0					0.3					5.0					3.1					1.3					1.8					4.1					0.8					1.4					1.1					1.3					1.3					2.1					1.4					0.7					1.6					1.1					3.8					0.6					2.4					1.6					
17.2					17.3					21.8					22.7					30.2					12.4					13.1					16.9					17.3					16.9					21.9					23.2					21.5					17.3					23.1					23.1					12.8					16.9					37.8					43.3					48.6					26.9					42.2					45.0					57.6					41.8					49.1					28.9					30.1					28.7					30.5					30.2					28.5					29.1					29.4					28.4					30.0					28.5					29.5					29.3					28.9					28.5					29.0					28.8					28.9					28.5					30.3					28.2					28.7					27.5					30.3					28.8					28.3					28.1					30.8					28.3					28.0					28.6					28.0					28.0					28.3					29.7					28.5					30.4					28.5					28.6					0.5					0.3					1.5					1.1					3.3					0.3					0.9					1.0					0.9					0.8					0.7					2.1					0.5					0.3					1000.0					4.7					3.3					1.2					1.8					4.2					1.0					1.7					0.9					1.1					1.1					1.8					1.4					0.9					1.6					0.9					4.0					0.9					2.6					1.4					
14.2					14.3					18.8					19.7					27.2					9.4					10.1					13.9					14.3					13.9					18.9					20.2					18.5					14.3					20.1					20.2					9.8					13.9					38.2					43.7					49.0					27.3					42.6					45.3					58.0					42.1					49.5					29.3					30.5					29.1					30.9					30.6					28.9					29.4					29.8					28.8					30.4					28.9					29.9					29.7					29.3					28.9					29.4					29.2					29.3					28.8					30.6					28.5					29.0					27.8					30.6					29.2					28.7					28.4					31.1					28.6					28.3					29.0					28.4					28.4					28.6					30.1					28.9					30.8					28.8					29.0					4.3					5.0					5.6					4.7					2.5					4.4					6.4					4.6					4.5					5.7					5.3					4.6					4.2					5.0					4.7					1000.0					5.4					5.5					3.8					3.3					5.2					3.9					5.6					5.7					6.7					3.0					5.4					5.3					3.6					4.4					3.0					4.4					3.6					6.7					
12.8					12.8					17.3					18.3					25.7					7.9					8.7					12.4					12.9					12.4					17.4					18.7					17.0					12.8					18.6					18.7					8.3					12.5					46.1					48.6					53.9					32.2					47.5					50.2					62.9					50.1					54.4					34.2					35.3					33.9					35.8					35.4					33.7					34.3					34.6					33.7					35.2					33.8					34.7					34.5					34.1					33.8					34.3					34.1					34.1					33.7					35.5					33.4					33.9					32.7					35.5					34.1					33.5					33.3					36.0					33.5					33.2					33.8					33.2					33.2					33.5					34.9					33.8					35.6					33.7					33.8					3.8					3.1					2.8					4.6					7.4					3.4					3.5					4.4					3.5					2.8					3.6					5.6					3.6					3.1					3.3					5.4					1000.0					2.7					8.7					3.3					2.3					4.3					2.7					3.5					3.8					7.9					2.5					2.4					8.6					4.4					3.0					3.5					1.7					4.1					
16.6					16.6					21.1					22.1					29.5					11.7					12.5					16.2					16.7					16.2					21.2					22.5					20.9					16.6					22.4					22.5					12.1					16.3					38.9					44.5					49.7					28.1					43.4					46.1					58.8					42.9					50.3					30.1					31.3					29.8					31.7					31.4					29.6					30.2					30.5					29.6					31.2					29.7					30.7					30.5					30.0					29.7					30.2					30.0					30.0					29.6					31.4					29.3					29.8					28.6					31.4					30.0					29.5					29.2					31.9					29.4					29.1					29.8					29.2					29.2					29.4					30.9					29.7					31.6					29.6					29.7					1.5					1.2					0.2					2.3					7.7					1.3					1.2					2.2					1.6					0.4					1.3					3.3					1.4					1.3					1.1					5.7					2.7					1000.0					2.7					3.6					0.5					2.4					0.3					1.2					1.5					2.7					0.4					0.6					2.6					2.1					3.3					1.6					2.0					1.8					
17.5					17.6					22.1					23.0					30.5					12.7					13.4					17.2					17.6					17.2					22.2					23.5					21.8					17.6					23.4					23.4					13.1					17.2					36.4					41.9					47.2					25.5					40.8					43.5					56.2					40.3					47.7					27.5					28.7					27.3					29.1					28.8					27.1					27.7					28.0					27.0					28.6					27.1					28.1					27.9					27.5					27.1					27.6					27.4					27.5					27.1					28.8					26.8					27.3					26.0					28.9					27.4					26.9					26.7					29.3					26.8					26.5					27.2					26.6					26.6					26.9					28.3					27.1					29.0					27.0					27.2					1.3					1.8					3.2					1.8					2.4					1.5					2.5					1.7					2.4					2.6					2.3					1.2					1.3					1.8					1.8					3.8					8.7					2.9					1000.0					6.5					2.6					0.8					2.7					2.8					2.8					0.9					3.0					2.5					0.1					1.5					6.3					2.3					6.9					3.1					
15.3					15.4					19.9					20.8					28.3					10.5					11.2					15.0					15.4					15.0					20.0					21.3					19.6					15.4					21.2					21.2					10.9					15.0					41.0					46.6					51.8					30.1					45.5					48.2					60.9					45.0					52.4					32.2					33.3					31.9					33.8					33.4					31.7					32.3					32.6					31.7					33.2					31.8					32.7					32.5					32.1					31.8					32.3					32.1					32.1					31.7					33.5					31.4					31.9					30.7					33.5					32.1					31.5					31.3					34.0					31.5					31.2					31.9					31.3					31.2					31.5					32.9					31.8					33.6					31.7					31.8					7.1					4.0					3.6					5.4					5.4					4.3					4.4					5.3					4.4					3.7					4.5					7.5					4.5					4.0					4.2					3.4					3.4					3.5					6.6					1000.0					3.2					6.8					3.6					4.4					4.7					5.9					3.4					3.3					6.5					5.3					0.3					4.4					1.6					5.0					
16.2					16.3					20.8					21.7					29.2					11.4					12.1					15.9					16.3					15.9					20.9					22.2					20.5					16.3					22.1					22.2					11.8					15.9					38.9					44.5					49.7					28.1					43.4					46.1					58.8					42.9					50.3					30.1					31.2					29.8					31.7					31.3					29.6					30.2					30.5					29.6					31.2					29.7					30.7					30.4					30.0					29.7					30.2					30.0					30.0					29.6					31.4					29.3					29.8					28.6					31.4					30.0					29.4					29.2					31.9					29.4					29.1					29.8					29.2					29.1					29.4					30.9					29.7					31.5					29.6					29.7					1.5					0.8					0.6					2.3					7.4					1.1					1.2					2.1					1.2					0.5					1.3					3.3					1.3					0.8					1.0					5.4					2.3					0.5					2.6					3.2					1000.0					2.0					0.6					1.2					1.5					2.8					0.4					0.1					2.4					2.1					3.0					1.2					1.6					1.8					
17.6					17.6					22.1					23.1					30.5					12.7					13.5					17.2					17.6					17.2					22.2					23.5					21.8					17.6					23.4					23.5					13.1					17.3					37.5					43.0					48.3					26.6					41.9					44.6					57.3					41.4					48.8					28.6					29.8					28.4					30.2					29.9					28.2					28.8					29.1					28.1					29.7					28.2					29.2					29.0					28.6					28.2					28.7					28.5					28.6					28.2					29.9					27.9					28.4					27.1					30.0					28.5					28.0					27.8					30.5					27.9					27.7					28.3					27.7					27.7					28.0					29.4					28.2					30.1					28.2					28.3					0.9					1.4					2.6					1.4					2.4					1.0					2.4					1.3					0.8					2.3					1.9					2.0					0.9					1.4					1.7					3.8					4.3					2.5					0.9					6.6					2.0					1000.0					2.4					2.3					2.3					1.0					2.4					1.9					0.8					1.1					6.3					0.8					7.0					2.6					
16.7					16.7					21.2					22.2					29.6					11.8					12.5					16.3					16.7					16.3					21.3					22.6					20.9					16.7					22.5					22.6					12.2					16.3					38.6					44.1					49.4					27.7					43.0					45.8					58.5					42.6					49.9					29.8					30.9					29.5					31.3					31.0					29.3					29.9					30.2					29.3					30.8					29.4					30.3					30.1					29.7					29.4					29.9					29.6					29.7					29.3					31.1					29.0					29.5					28.3					31.1					29.6					29.1					28.9					31.6					29.1					28.8					29.4					28.8					28.8					29.1					30.5					29.3					31.2					29.3					29.4					1.2					1.0					0.6					1.9					4.0					1.0					0.9					1.8					1.4					89000.0					1.0					3.0					1.1					1.0					0.8					5.8					2.7					0.3					2.4					3.7					0.6					2.2					1000.0					0.9					1.2					2.4					0.4					0.7					2.3					1.7					3.4					1.5					2.0					1.5					
17.7					17.8					22.3					23.2					30.7					12.9					13.6					17.4					17.8					17.4					22.4					23.7					22.0					17.8					23.6					23.6					13.3					17.4					38.4					43.9					49.2					27.5					42.8					45.5					58.2					42.3					49.7					29.5					30.7					29.3					31.1					30.8					29.1					29.7					30.0					29.0					30.6					29.1					30.1					29.9					29.5					29.1					29.6					29.4					29.5					29.1					30.8					28.8					29.3					28.0					30.9					29.4					28.9					28.6					31.3					28.8					28.5					29.2					28.6					28.6					28.8					30.3					29.1					31.0					29.0					29.2					1.5					1.3					1.3					1.7					4.4					1.4					0.6					1.6					2.0					1.1					0.8					2.7					1.6					1.4					1.2					5.8					3.6					1.1					2.9					4.5					1.6					2.5					0.9					1000.0					0.9					2.9					1.3					1.4					2.8					1.5					4.2					2.0					2.9					1.9					
18.0					18.0					22.5					23.5					30.9					13.1					13.9					17.6					18.0					17.6					22.6					23.9					22.2					18.0					23.8					23.9					13.5					17.7					38.0					43.5					48.8					27.1					42.4					45.1					57.8					41.9					49.3					29.1					30.3					28.9					30.7					30.4					28.7					29.3					29.6					28.6					30.2					28.7					29.7					29.5					29.1					28.7					29.2					29.0					29.1					28.7					30.4					28.4					28.9					27.6					30.5					29.0					28.5					28.3					30.9					28.4					28.1					28.8					28.2					28.2					28.5					29.9					28.7					30.6					28.6					28.8					1.4					1.2					1.6					1.6					5.3					1.3					0.5					1.5					1.9					1.0					0.7					2.3					1.5					1.3					1.1					6.7					3.8					1.3					2.9					4.7					1.5					2.4					1.1					0.5					1000.0					2.8					1.5					1.3					2.9					1.4					4.5					1.9					3.1					0.6					
16.8					16.8					21.3					22.3					29.7					11.9					12.6					16.4					16.8					16.4					21.4					22.7					21.0					16.8					22.6					22.7					12.3					16.4					36.7					42.2					47.5					25.8					41.1					43.8					56.5					40.6					48.0					27.8					29.0					27.6					29.4					29.1					27.4					28.0					28.3					27.3					28.9					27.4					28.4					28.2					27.8					27.4					27.9					27.7					27.8					27.4					29.1					27.1					27.6					26.3					29.2					27.7					27.2					27.0					29.6					27.1					26.8					27.5					26.9					26.9					27.2					28.6					27.4					29.3					27.3					27.5					1.4					2.1					3.4					1.8					1.6					1.5					2.5					1.7					1.6					2.6					2.3					1.4					1.3					2.1					1.8					3.0					7.9					3.3					0.9					5.8					2.8					1.0					2.7					2.8					2.8					1000.0					3.2					2.7					0.7					1.5					5.5					1.6					6.2					3.1					
16.8					16.8					21.3					22.3					29.7					11.9					12.7					16.4					16.9					16.4					21.4					22.7					21.1					16.8					22.6					22.7					12.3					16.5					38.7					44.3					49.5					27.9					43.2					45.9					58.6					42.7					50.1					29.9					31.0					29.6					31.5					31.1					29.4					30.0					30.3					29.4					31.0					29.5					30.5					30.2					29.8					29.5					30.0					29.8					29.8					29.4					31.2					29.1					29.6					28.4					31.2					29.8					29.3					29.0					31.7					29.2					28.9					29.6					29.0					29.0					29.2					30.7					29.5					31.4					29.4					29.5					1.4					0.8					0.7					2.1					4.3					1.1					1.0					1.9					1.2					0.3					1.1					3.1					1.3					0.8					0.9					5.9					2.8					0.5					2.6					3.8					0.7					2.0					0.4					1.0					1.3					2.8					1000.0					0.6					2.4					1.9					3.5					1.2					2.2					1.6					
16.4					16.4					20.9					21.8					29.3					11.5					12.2					16.0					16.4					16.0					21.0					22.3					20.6					16.4					22.2					22.3					11.9					16.0					38.9					44.4					49.6					28.0					43.3					46.0					58.7					42.8					50.2					30.0					31.2					29.8					31.6					31.3					29.6					30.1					30.5					29.5					31.1					29.6					30.6					30.4					30.0					29.6					30.1					29.9					30.0					29.5					31.3					29.2					29.7					28.5					31.3					29.9					29.4					29.1					31.8					29.3					29.0					29.7					29.1					29.1					29.3					30.8					29.6					31.5					29.5					29.7					1.3					0.7					0.7					2.2					4.1					1.0					1.2					2.1					1.1					0.4					1.3					3.2					1.2					0.7					0.9					5.5					2.4					0.6					2.5					3.4					0.1					1.9					0.5					1.2					1.5					2.7					0.5					1000.0					2.3					2.0					3.1					1.1					1.7					1.8					
17.4					17.4					21.9					22.9					30.4					12.5					13.3					17.0					17.5					17.0					22.0					23.3					21.7					17.4					23.2					23.3					12.9					17.1					36.4					42.0					47.2					25.5					40.9					43.6					56.3					40.4					47.8					27.6					28.7					27.3					29.2					28.8					27.1					27.7					28.0					27.1					28.7					27.2					28.2					27.9					27.5					27.2					27.7					27.5					27.5					27.1					28.9					26.8					27.3					26.1					28.9					27.5					26.9					26.7					29.4					26.9					26.6					27.3					26.7					26.6					26.9					28.4					27.2					29.0					27.1					27.2					1.2					1.7					3.0					1.7					2.2					1.3					2.4					1.6					2.2					2.4					2.2					1.2					1.2					1.6					1.6					3.6					8.5					2.8					0.1					6.4					2.5					0.7					2.5					2.6					2.6					0.7					2.9					2.4					1000.0					1.4					6.2					2.2					6.8					2.9					
18.3					18.3					22.8					23.7					31.2					13.4					14.1					17.9					18.3					17.9					22.9					24.2					22.5					18.3					24.1					24.2					13.8					17.9					37.3					42.8					48.1					26.4					41.7					44.4					57.1					41.2					48.6					28.4					29.6					28.2					30.0					29.7					28.0					28.6					28.9					27.9					29.5					28.0					29.0					28.8					28.4					28.0					28.5					28.3					28.4					28.0					29.7					27.7					28.2					26.9					29.8					28.3					27.8					27.6					30.2					27.7					27.4					28.1					27.5					27.5					27.8					29.2					28.0					29.9					28.0					28.1					0.2					0.9					2.2					0.6					3.1					0.5					1.1					0.5					0.8					1.5					0.9					1.6					0.3					0.8					0.6					4.5					4.3					1.9					1.6					7.3					1.7					1.2					1.6					1.3					1.3					1.6					2.0					1.6					1.4					1000.0					7.0					0.8					3.7					1.6					
15.1					15.1					19.6					20.6					28.0					10.2					11.0					14.7					15.2					14.7					19.7					21.0					19.4					15.1					20.9					21.0					10.6					14.8					40.8					46.3					51.6					29.9					45.2					47.9					60.6					44.7					52.1					31.9					33.1					31.7					33.5					33.2					31.5					32.1					32.4					31.4					33.0					31.5					32.5					32.3					31.9					31.5					32.0					31.8					31.9					31.5					33.2					31.2					31.7					30.4					33.3					31.8					31.3					31.1					33.7					31.2					30.9					31.6					31.0					31.0					31.3					32.7					31.5					33.4					31.4					31.6					6.9					3.7					3.4					5.2					5.1					4.0					4.1					5.1					4.1					3.4					4.3					7.3					4.2					3.7					3.9					3.1					3.1					3.3					6.4					0.3					2.9					6.5					3.3					4.1					4.4					5.6					3.1					3.0					6.3					5.0					1000.0					4.2					1.4					4.7					
18.2					18.2					22.7					23.7					31.1					13.3					14.1					17.8					18.3					17.8					22.8					24.1					22.5					18.2					24.0					24.1					13.7					17.9					38.1					43.6					48.9					27.2					42.5					45.3					58.0					42.1					49.4					29.2					30.4					29.0					30.8					30.5					28.8					29.4					29.7					28.7					30.3					28.8					29.8					29.6					29.2					28.8					29.3					29.1					29.2					28.8					30.6					28.5					29.0					27.8					30.6					29.1					28.6					28.4					31.1					28.6					28.3					28.9					28.3					28.3					28.6					30.0					28.8					30.7					28.8					28.9					0.6					0.6					1.9					1.1					3.0					0.6					1.6					1.0					23000.0					1.6					1.5					2.1					0.6					0.6					0.9					4.4					3.6					1.8					2.3					4.5					1.2					0.8					1.6					1.9					1.9					1.6					1.6					1.1					2.2					0.8					4.2					1000.0					2.9					2.2					
15.7					15.7					20.2					21.2					28.7					10.8					11.6					15.3					15.8					15.3					20.3					21.6					20.0					15.8					21.5					21.6					11.2					15.4					41.4					46.9					52.2					30.5					45.8					48.6					61.3					45.4					52.7					32.6					33.7					32.3					34.1					33.8					32.1					32.7					33.0					32.1					33.6					32.2					33.1					32.9					32.5					32.2					32.7					32.4					32.5					32.1					33.9					31.8					32.3					31.1					33.9					32.4					31.9					31.7					34.4					31.9					31.6					32.2					31.6					31.6					31.9					33.3					32.1					34.0					32.1					32.2					3.0					2.4					2.0					3.8					5.7					2.7					2.8					3.7					2.8					2.0					2.9					7.9					2.9					2.4					2.6					3.7					1.8					1.9					7.0					1.6					1.6					3.6					2.0					2.8					3.1					6.3					1.8					1.7					6.9					3.6					1.4					2.8					1000.0					3.4					
18.2					18.3					22.7					23.7					31.2					13.4					14.1					17.9					18.3					17.9					22.8					24.1					22.5					18.3					24.0					24.1					13.8					17.9					38.2					43.7					49.0					27.3					42.6					45.3					58.0					42.1					49.5					29.3					30.5					29.1					30.9					30.6					28.9					29.5					29.8					28.8					30.4					28.9					29.9					29.7					29.3					28.9					29.4					29.2					29.3					28.8					30.6					28.6					29.1					27.8					30.7					29.2					28.7					28.4					31.1					28.6					28.3					29.0					28.4					28.4					28.6					30.1					28.9					30.8					28.8					29.0					1.7					1.5					1.8					1.8					5.5					1.6					0.7					1.7					2.2					1.3					0.9					2.5					1.8					1.6					1.4					6.9					4.0					1.6					3.0					5.0					1.7					2.6					1.4					0.7					0.2					3.0					1.7					1.6					3.1					1.7					4.7					2.2					3.3					1000.0					
