08-26-2021-10:01
50
180
9
2
8
8
1
1
4
3
10
6
2
9
3
1
10
5
2
5
9
7
7
10
8
2
8
10
10
7
5
6
1
1
9
6
4
1
7
7
7
4
7
6
2
8
10
10
3
7
6
5
1000.0					18.4					18.6					17.3					22.7					23.1					22.2					22.8					25.0					22.6					22.5					23.0					23.5					22.4					23.6					22.5					22.5					22.5					23.1					22.1					22.7					23.2					23.7					22.9					22.9					23.1					23.4					22.9					22.4					22.3					23.2					22.0					22.7					22.3					23.1					22.3					23.0					23.4					23.3					23.0					22.6					23.5					23.4					23.4					22.3					23.1					22.4					22.6					22.3					24.0					
18.4					1000.0					0.2					7.7					40.7					41.1					40.2					40.8					43.0					40.6					40.5					41.0					41.5					40.4					41.5					40.5					40.5					40.5					41.1					40.1					40.7					41.2					41.7					40.9					40.9					41.1					41.4					40.9					40.4					40.3					41.2					40.0					40.7					40.3					41.1					40.3					41.0					41.4					41.3					41.0					40.6					41.5					41.4					41.4					40.3					41.1					40.4					40.6					40.3					42.0					
18.6					0.2					1000.0					7.9					40.9					41.3					40.5					41.0					43.2					40.8					40.7					41.2					41.7					40.6					41.8					40.7					40.8					40.7					41.4					40.3					40.9					41.4					41.9					41.1					41.1					41.3					41.6					41.2					40.6					40.5					41.4					40.2					40.9					40.5					41.4					40.5					41.2					41.6					41.5					41.2					40.8					41.7					41.6					41.6					40.6					41.3					40.6					40.8					40.5					42.2					
17.3					7.7					7.9					1000.0					33.5					34.0					33.1					33.7					35.9					33.5					33.4					33.8					34.4					33.3					34.4					33.4					33.4					33.4					34.0					33.0					33.6					34.1					34.6					33.8					33.8					34.0					34.3					33.8					33.3					33.2					34.1					32.9					33.6					33.2					34.0					33.2					33.9					34.3					34.2					33.9					33.5					34.4					34.3					34.3					33.2					34.0					33.3					33.5					33.2					34.9					
23.3					41.2					41.4					34.1					1000.0					0.6					1.4					0.4					3.8					1.5					1.8					0.5					2.4					0.8					1.4					0.8					0.6					1.4					1.3					0.8					2.0					0.7					1.2					1.6					2.0					1.3					2.4					1.2					0.7					1.6					1.9					0.9					1.6					1.4					2.2					1.4					0.7					0.8					1.1					1.1					0.4					1.6					1.3					1.0					1.7					0.9					0.7					1.6					1.7					1.5					
23.5					41.4					41.6					34.3					0.6					1000.0					1.2					0.3					3.3					1.8					2.0					0.1					1.9					1.0					0.5					0.6					1.1					1.5					0.8					1.0					1.8					0.5					0.9					1.8					1.5					0.8					1.9					1.0					0.7					1.7					1.4					1.2					1.7					1.6					1.6					1.2					79000.0					0.7					1.6					1.8					1.1					1.9					1.7					0.7					2.3					1.4					1.3					2.2					2.3					1.3					
22.6					40.5					40.7					33.4					1.4					1.2					1000.0					1.4					2.8					0.8					1.1					1.5					1.4					1.3					1.8					1.0					1.3					1.0					1.0					0.7					0.9					1.8					1.6					0.4					0.7					0.8					1.4					0.7					0.9					1.0					0.9					0.8					0.8					0.5					1.1					35000.0					1.1					2.0					2.1					2.2					1.5					2.7					2.6					2.0					2.8					1.9					1.8					2.7					2.8					2.6					
23.2					41.1					41.4					34.0					0.4					0.3					1.0					1000.0					3.4					1.5					1.7					0.3					2.0					0.8					0.8					0.4					0.9					1.3					1.0					0.8					1.9					0.6					1.2					1.6					1.6					0.9					2.0					0.8					0.4					1.5					1.5					1.0					1.5					1.4					1.8					1.0					0.4					0.8					1.4					1.6					0.9					2.0					1.8					0.9					2.4					1.2					1.1					2.4					2.4					1.4					
25.4					43.3					43.5					36.2					3.9					3.3					2.8					3.5					1000.0					4.4					4.0					3.4					2.8					4.3					2.8					3.2					4.1					4.3					2.5					3.6					4.2					3.7					2.6					3.9					3.6					2.6					2.9					2.7					3.8					4.1					3.3					3.6					4.5					3.8					3.2					2.8					3.2					3.9					4.9					5.1					4.4					5.6					4.9					4.0					5.6					4.7					4.6					5.6					5.6					4.7					
22.7					40.6					40.8					33.5					1.5					1.8					0.7					1.5					3.2					1000.0					0.3					1.8					1.1					1.5					2.0					1.1					1.4					0.2					1.3					0.8					0.4					1.9					2.1					0.3					0.5					1.0					1.1					1.2					1.0					0.3					0.6					0.9					53000.0					0.6					0.8					0.8					1.6					2.1					2.2					2.3					1.6					2.8					2.5					2.1					2.9					2.0					1.9					2.8					2.9					2.7					
23.0					40.9					41.1					33.8					1.8					2.0					1.0					1.8					3.4					0.3					1000.0					2.1					1.0					1.7					2.2					1.4					1.7					0.4					1.5					1.1					0.2					2.2					2.3					0.5					0.6					1.2					1.0					1.4					1.3					0.2					0.6					1.2					0.4					0.9					0.6					1.0					1.9					2.4					2.5					2.6					1.9					3.1					2.8					2.4					3.2					2.3					2.1					3.1					3.2					3.0					
23.4					41.3					41.5					34.2					0.5					0.1					1.3					0.3					3.3					1.8					2.1					1000.0					1.9					0.9					0.6					0.8					0.9					1.5					0.9					1.2					1.8					0.5					0.9					1.8					1.5					0.8					1.9					1.0					0.9					1.7					1.4					1.1					1.8					1.6					1.7					1.2					0.2					0.7					1.5					1.7					1.0					2.1					1.8					0.8					2.2					1.3					1.2					2.2					2.2					1.4					
24.0					41.9					42.1					34.8					2.4					1.9					1.4					2.0					2.7					1.1					1.0					1.9					1000.0					2.9					2.0					1.7					2.7					1.5					1.3					2.1					0.8					2.3					1.9					1.1					0.8					1.1					0.4					1.3					2.0					1.3					0.5					2.2					1.0					1.9					0.4					1.3					1.7					2.5					3.4					3.6					2.9					4.1					3.4					2.5					4.0					3.2					3.1					4.0					4.0					3.1					
22.4					40.3					40.6					33.2					1.0					1.2					1.0					1.0					3.7					1.1					1.4					1.1					2.4					1000.0					1.7					0.7					0.5					1.0					1.3					0.3					1.6					1.3					1.9					1.2					1.7					1.3					2.3					1.1					0.6					1.2					1.9					0.2					1.2					1.0					2.0					1.0					1.2					1.6					1.7					1.4					0.9					1.9					1.7					1.6					1.9					1.5					0.9					1.9					1.9					2.2					
24.0					41.9					42.1					34.8					1.4					0.5					1.4					0.8					2.7					2.0					2.2					0.6					2.0					1.8					1000.0					1.1					1.8					2.0					0.7					1.4					1.9					0.9					0.1					1.9					1.7					0.9					2.0					1.1					1.4					2.2					1.5					1.7					1.9					2.1					1.8					1.4					0.6					1.1					1.9					2.1					1.9					3.1					2.9					1.1					2.7					1.7					2.1					2.6					2.7					2.3					
22.9					40.8					41.1					33.7					0.8					0.6					0.7					0.4					3.1					1.1					1.4					0.7					1.7					1.2					1.1					1000.0					1.0					0.9					0.7					0.4					1.6					1.0					1.3					1.2					1.3					0.6					1.7					0.5					0.3					1.1					1.2					0.7					1.1					1.0					1.5					0.7					0.5					1.2					1.7					1.9					1.2					2.4					2.2					1.2					2.4					1.5					1.4					2.4					2.5					1.8					
22.7					40.6					40.8					33.5					0.6					1.1					1.0					0.8					3.8					1.1					1.4					0.9					2.4					0.3					1.8					0.9					1000.0					1.0					1.6					0.5					1.6					1.2					1.7					1.2					1.8					1.5					2.3					1.1					0.4					1.2					1.9					0.4					1.2					1.1					2.0					1.1					1.1					1.3					1.3					1.2					0.5					1.6					1.4					1.4					1.7					1.1					0.7					1.7					1.8					1.8					
22.6					40.4					40.7					33.3					1.4					1.5					0.6					1.4					3.3					0.2					0.4					1.5					1.5					1.3					2.4					0.9					1.3					1000.0					1.3					0.7					0.7					1.7					2.2					0.4					0.6					1.2					1.4					1.0					0.9					0.3					0.8					0.8					0.2					0.5					1.2					0.6					1.5					1.9					2.0					2.2					1.5					2.7					2.4					2.0					2.7					1.8					1.7					2.7					2.8					2.5					
23.3					41.2					41.4					34.1					1.3					0.8					0.7					1.0					2.7					1.3					1.5					0.9					1.3					1.8					0.7					0.7					1.6					1.3					1000.0					1.0					1.3					1.2					0.9					1.3					1.0					0.2					1.3					0.4					1.0					1.5					0.9					1.3					1.2					1.4					1.1					0.7					0.7					1.4					2.2					2.4					1.8					2.9					2.3					1.4					2.9					2.0					2.1					2.9					3.0					2.0					
22.6					40.4					40.7					33.3					0.8					1.0					0.7					0.8					3.5					0.8					1.1					1.2					2.1					0.6					1.4					0.4					0.6					0.7					1.0					1000.0					1.3					1.4					1.6					0.9					1.5					1.0					2.1					0.8					0.3					0.9					1.6					0.3					0.9					0.8					1.7					0.8					0.9					1.6					1.5					1.5					1.0					2.0					1.9					1.6					2.1					1.3					1.0					2.0					2.1					2.2					
23.2					41.1					41.4					34.0					2.0					1.8					1.2					1.9					3.3					0.6					0.2					1.8					0.8					2.0					1.9					1.6					1.9					0.7					1.3					1.3					1000.0					2.2					2.1					0.4					0.5					1.0					0.8					1.2					1.5					0.5					0.4					1.4					0.6					1.1					0.4					1.3					1.7					2.4					2.7					2.8					2.1					3.3					3.0					2.4					3.4					2.5					2.4					3.3					3.4					3.0					
23.6					41.5					41.7					34.4					0.7					0.5					1.6					0.6					3.6					1.9					2.2					0.5					2.3					1.2					0.9					1.0					1.2					1.7					1.2					1.4					2.2					1000.0					1.1					2.0					1.9					1.1					2.2					1.2					1.1					1.9					1.8					1.3					1.9					1.8					2.0					1.6					0.6					0.3					1.1					1.3					1.1					1.8					1.2					0.4					1.8					0.9					1.1					1.8					1.9					0.8					
24.2					42.1					42.3					35.0					1.2					0.9					1.6					1.2					2.6					2.2					2.4					0.9					2.2					1.7					0.1					1.3					1.7					2.2					0.9					1.6					2.1					1.1					1000.0					2.1					1.9					1.1					2.2					1.3					1.6					2.4					1.7					1.9					2.1					2.3					2.0					1.6					1.0					1.3					2.2					2.3					1.7					3.0					2.8					1.6					2.9					2.0					2.0					2.8					2.9					2.1					
22.8					40.7					40.9					33.6					1.6					1.8					0.4					1.6					2.9					0.3					0.5					1.8					1.1					1.6					1.9					1.2					1.5					0.4					1.3					0.9					0.4					2.0					1.8					1000.0					0.5					1.0					1.1					1.2					1.1					0.5					0.6					1.0					0.2					0.3					0.7					0.5					1.7					2.2					2.3					2.5					1.7					3.0					2.8					2.2					3.0					2.1					2.0					2.9					3.0					2.8					
23.2					41.1					41.3					34.0					2.0					1.5					1.0					1.6					3.0					0.5					0.6					1.5					0.8					2.5					1.7					1.3					1.9					0.6					1.0					1.3					0.5					1.9					1.9					0.5					1000.0					0.7					0.8					0.9					1.5					0.6					0.3					1.4					0.4					0.8					0.5					1.0					1.4					2.1					3.0					2.8					2.1					3.3					3.0					2.1					3.6					2.8					2.4					3.6					3.4					2.7					
23.1					40.9					41.2					33.8					1.3					0.8					0.5					0.9					2.5					1.0					1.2					0.8					1.1					1.7					0.9					0.6					1.6					1.2					0.2					1.0					1.0					1.1					1.1					1.0					0.7					1000.0					1.1					0.3					0.9					1.2					0.6					1.3					1.0					1.3					0.9					0.4					0.6					1.3					2.3					2.5					1.8					3.0					2.3					1.4					2.9					2.1					2.0					2.8					2.9					2.0					
23.9					41.8					42.1					34.7					2.4					1.9					1.4					2.0					2.8					1.1					1.0					1.9					0.4					2.8					2.0					1.7					2.7					1.4					1.3					2.1					0.8					2.2					2.1					1.1					0.8					1.1					1000.0					1.3					2.0					1.2					0.5					2.2					1.0					1.8					0.4					1.3					1.7					2.4					3.4					3.6					2.9					4.1					3.4					2.5					4.0					3.2					3.1					3.9					4.0					3.1					
22.8					40.7					41.0					33.6					1.2					1.0					0.3					0.8					2.8					1.2					1.5					1.0					1.4					1.6					1.1					0.5					1.4					1.0					0.4					0.8					1.3					1.2					1.3					1.3					1.0					0.3					1.4					1000.0					1.0					1.2					0.9					1.1					1.3					1.1					1.2					0.2					0.7					1.6					2.2					2.3					1.6					2.8					2.5					1.5					2.9					2.0					1.9					2.8					2.9					2.1					
22.9					40.8					41.0					33.6					0.7					0.7					0.9					0.4					3.4					1.0					1.3					0.9					2.0					1.2					1.4					0.3					0.8					0.9					1.0					0.3					1.5					1.1					1.6					1.1					1.7					0.9					2.0					0.8					1000.0					1.1					1.6					0.6					1.1					1.0					1.8					1.0					0.9					1.3					1.4					1.6					0.9					2.0					1.7					1.4					2.1					1.2					1.2					2.0					2.1					1.9					
22.8					40.7					40.9					33.6					1.6					1.7					0.8					1.6					3.6					0.5					0.2					1.7					1.3					1.5					2.6					1.1					1.5					0.3					1.5					0.9					0.4					1.9					2.4					0.5					0.6					1.2					1.2					1.2					1.1					1000.0					0.8					1.0					0.5					0.7					0.9					0.8					1.7					2.1					2.3					2.4					1.7					2.9					2.6					2.2					3.0					2.1					1.9					2.9					3.0					2.8					
23.5					41.4					41.6					34.2					1.9					1.4					0.9					1.5					2.9					0.6					0.6					1.4					0.5					2.4					1.5					1.2					2.2					0.8					0.9					1.6					0.4					1.8					1.8					0.6					0.3					0.6					0.5					0.8					1.6					0.8					1000.0					1.7					0.6					1.0					0.2					0.9					1.3					2.0					2.9					3.1					2.4					3.6					2.9					2.0					3.5					2.7					2.6					3.5					3.6					2.6					
22.3					40.2					40.4					33.1					0.9					1.2					0.8					0.9					3.6					0.9					1.2					1.1					2.2					0.5					1.7					0.6					0.5					0.8					1.3					0.2					1.4					1.3					1.8					1.0					1.6					1.2					2.2					1.1					0.5					1.0					1.7					1000.0					1.0					0.9					1.9					0.9					1.1					1.5					1.6					1.4					1.0					1.9					1.8					1.5					2.0					1.4					1.0					1.9					2.0					2.1					
22.8					40.7					40.9					33.5					1.6					1.7					0.8					1.6					3.2					53000.0					0.4					1.8					1.0					1.5					1.9					1.1					1.5					0.2					1.2					0.9					0.4					1.9					2.0					0.2					0.4					1.0					1.0					1.2					1.1					0.4					0.6					1.0					1000.0					0.7					0.7					0.8					1.6					2.1					2.2					2.4					1.7					2.9					2.6					2.2					2.9					2.0					1.9					2.9					3.0					2.8					
22.8					40.7					40.9					33.6					1.6					1.7					0.3					1.6					3.0					0.6					0.9					1.7					1.6					1.5					2.0					1.1					1.5					0.5					1.7					0.9					0.7					1.9					1.9					0.3					0.8					1.4					1.6					1.2					1.1					0.7					1.1					1.0					0.7					1000.0					1.4					0.3					1.7					2.1					2.2					2.4					1.7					2.9					2.8					2.2					3.0					2.0					2.0					2.9					3.0					2.8					
23.6					41.5					41.7					34.4					2.2					1.6					1.1					1.8					3.2					0.9					0.6					1.7					0.4					2.6					1.8					1.5					2.4					1.1					1.1					1.9					0.4					2.0					2.0					0.8					0.5					0.9					0.4					1.0					1.8					0.9					0.2					1.9					0.8					1.5					1000.0					1.1					1.5					2.2					3.1					3.4					2.7					3.9					3.2					2.3					3.8					2.9					2.9					3.7					3.8					2.8					
22.6					40.5					40.7					33.4					1.4					1.2					35000.0					1.4					2.7					0.8					1.1					1.6					1.3					1.4					1.7					1.0					1.3					0.9					1.0					0.7					0.8					1.8					1.6					0.4					0.7					0.8					1.3					0.7					1.0					1.0					0.9					0.8					0.7					0.5					1.1					1000.0					1.1					2.0					2.1					2.3					1.6					2.8					2.6					2.0					2.8					1.9					1.8					2.8					2.8					2.6					
23.5					41.4					41.6					34.2					0.7					79000.0					1.1					0.4					3.1					1.6					1.9					0.2					1.7					1.1					0.6					0.5					1.1					1.5					0.7					0.9					1.7					0.6					1.0					1.7					1.4					0.6					1.7					0.7					0.8					1.7					1.3					1.2					1.6					1.5					1.5					1.1					1000.0					0.8					1.7					1.9					1.2					2.0					1.7					0.8					2.3					1.4					1.4					2.3					2.4					1.4					
24.0					41.9					42.1					34.8					0.8					0.7					1.8					0.8					3.9					2.1					2.4					0.7					2.5					1.4					1.1					1.2					1.3					1.9					1.4					1.6					2.4					0.3					1.3					2.2					2.1					1.3					2.4					1.6					1.3					2.2					2.0					1.5					2.2					2.0					2.2					1.8					0.8					1000.0					0.6					1.1					0.9					1.2					1.0					0.4					1.7					0.7					1.0					1.6					1.4					0.8					
23.9					41.8					42.0					34.7					1.0					1.6					2.1					1.4					4.8					2.2					2.5					1.5					3.1					1.5					1.8					1.7					1.3					2.0					2.0					1.5					2.7					1.1					2.2					2.3					2.8					2.0					3.1					2.2					1.4					2.3					2.6					1.6					2.2					2.1					2.9					2.1					1.7					0.6					1000.0					0.4					0.8					0.6					0.4					1.2					1.0					0.3					0.9					1.0					1.0					0.7					
23.6					41.5					41.7					34.4					1.1					1.7					2.2					1.9					4.9					2.3					2.6					1.7					3.5					1.4					2.1					1.9					1.2					2.2					2.4					1.7					2.8					1.3					2.3					2.4					3.1					2.4					3.5					2.3					1.6					2.4					3.0					1.6					2.4					2.3					3.2					2.3					1.8					0.9					0.4					1000.0					0.7					0.5					0.3					1.4					0.7					0.6					0.8					0.4					0.7					1.0					
23.2					41.0					41.3					33.9					0.4					1.0					1.5					0.9					4.3					1.7					1.9					0.9					2.9					0.8					1.8					1.2					0.5					1.5					1.8					1.0					2.2					1.1					1.7					1.7					2.3					1.7					2.8					1.6					0.9					1.7					2.4					0.9					1.7					1.6					2.6					1.6					1.1					0.9					0.8					0.7					1000.0					1.1					0.9					1.2					1.3					0.6					0.3					1.2					1.3					1.4					
24.2					42.0					42.3					34.9					1.6					1.9					2.6					2.0					5.0					2.7					3.0					1.9					3.6					1.8					2.3					2.4					1.6					2.6					2.5					2.1					3.2					1.4					2.9					2.8					3.3					2.5					3.6					2.7					1.9					2.8					3.1					2.0					2.8					2.7					3.4					2.6					2.0					1.2					0.6					0.5					1.1					1000.0					0.2					1.6					1.2					0.9					1.2					0.9					1.1					1.0					
24.0					41.9					42.2					34.8					1.3					1.7					2.4					1.8					4.8					2.5					2.8					1.7					3.4					1.6					2.1					2.2					1.4					2.4					2.3					1.9					3.0					1.2					2.7					2.6					3.0					2.3					3.4					2.5					1.7					2.6					2.9					1.8					2.6					2.4					3.2					2.4					1.7					1.0					0.4					0.3					0.9					0.2					1000.0					1.3					1.1					0.7					1.0					0.7					1.0					0.8					
23.8					41.7					42.0					34.6					1.0					0.7					1.8					0.9					3.9					2.1					2.4					0.8					2.5					1.4					1.1					1.2					1.4					2.0					1.4					1.7					2.4					0.4					1.6					2.2					2.1					1.4					2.5					1.5					1.4					2.2					2.0					1.6					2.2					2.1					2.3					1.8					0.8					0.4					1.2					1.4					1.2					1.6					1.4					1000.0					1.9					1.0					1.2					1.9					2.0					0.6					
22.9					40.8					41.0					33.7					1.7					2.3					2.8					2.4					5.4					2.9					3.2					2.2					4.0					2.0					2.7					2.4					1.7					2.7					2.9					2.3					3.4					1.8					2.8					3.0					3.6					2.9					4.0					2.9					2.1					3.0					3.5					2.2					2.9					2.8					3.8					2.8					2.3					1.7					1.0					0.7					1.3					1.2					1.1					1.9					1000.0					1.1					1.0					0.3					26000.0					1.6					
23.7					41.6					41.8					34.5					0.8					1.4					1.9					1.2					4.6					2.0					2.3					1.3					3.1					1.3					1.7					1.5					1.1					1.8					2.0					1.3					2.5					0.9					2.0					2.1					2.6					2.0					3.1					2.0					1.2					2.1					2.6					1.5					2.0					1.9					2.8					1.9					1.4					0.4					0.3					0.6					0.6					0.9					0.7					1.0					1.1					1000.0					0.7					1.0					1.1					0.9					
23.0					40.9					41.1					33.8					0.7					1.3					1.7					1.1					4.5					1.9					2.1					1.2					3.1					1.0					2.1					1.4					0.7					1.7					2.0					1.2					2.4					1.1					2.0					1.9					2.5					2.0					3.1					1.8					1.1					1.9					2.6					1.1					1.9					1.8					2.9					1.8					1.4					1.0					0.9					0.6					0.3					1.1					0.9					1.2					1.1					0.7					1000.0					1.0					1.1					1.6					
23.2					41.1					41.3					34.0					1.6					2.2					2.6					2.4					5.4					2.8					3.0					2.1					4.0					1.9					2.6					2.3					1.7					2.6					2.9					2.2					3.3					1.8					2.8					2.9					3.6					2.8					3.9					2.8					2.0					2.8					3.5					2.1					2.8					2.7					3.7					2.7					2.3					1.3					0.9					0.4					1.2					0.9					0.7					1.9					0.3					1.0					0.9					1000.0					0.3					1.4					
22.9					40.8					41.0					33.7					1.7					2.1					2.8					2.4					5.3					2.9					3.2					2.2					3.9					2.0					2.5					2.4					1.8					2.8					2.8					2.3					3.5					1.9					2.7					3.0					3.5					2.8					3.9					2.9					2.1					3.0					3.4					2.2					3.0					2.8					3.7					2.8					2.2					1.4					1.0					0.7					1.3					1.1					1.0					2.0					26000.0					1.1					1.0					0.3					1000.0					1.6					
24.5					42.4					42.7					35.3					1.5					1.3					2.4					1.4					4.6					2.7					3.0					1.4					3.1					2.0					2.2					1.8					2.0					2.5					2.0					2.2					3.0					0.8					2.1					2.8					2.7					2.0					3.1					2.1					1.9					2.8					2.6					2.1					2.8					2.6					2.8					2.4					1.4					0.8					0.7					1.0					1.5					1.0					0.8					0.6					1.7					1.0					1.6					1.4					1.6					1000.0					
