07-28-2021-09:58
10
18
6
1
7
10
3
4
3
3
7
1
1000.0					0.3					1.1					1.5					9.0					6.6					7.3					0.6					0.9					0.9					
0.3					1000.0					1.2					1.6					9.1					6.7					7.4					0.5					0.7					1.0					
1.1					1.2					1000.0					1.7					9.2					7.1					7.8					1.6					3.4					0.5					
1.5					1.6					1.7					1000.0					8.3					8.0					8.8					1.9					2.3					1.4					
9.0					9.1					9.2					8.2					1000.0					15.6					16.3					9.5					9.8					9.0					
7.0					7.1					11.5					12.5					20.0					1000.0					0.9					6.7					7.1					11.3					
7.7					7.8					12.3					13.2					20.7					0.9					1000.0					7.4					7.8					12.0					
0.6					0.5					1.6					2.0					9.5					6.1					6.8					1000.0					0.8					1.3					
0.9					0.7					1.9					2.3					9.8					5.5					6.2					0.8					1000.0					1.7					
0.9					1.0					0.5					1.5					9.0					6.9					7.6					1.3					3.1					1000.0					
